#119
0.29508236,-0.11250195,-0.012878741,-0.35019538,0.1329488,0.35757217,0.43903488,0.37214494,-0.44447452,-0.29829404,-0.06763478,0.016031068,-0.22823122,0.33998004,0.34164461,-0.19588983,0.58676726,
-0.07465766,0.40474522,-0.31608924,0.18495145,0.15805383,0.4140001,-0.22172993,-0.04422789,-0.37728605,-0.5122547,0.29832193,0.05022388,0.47248796,-0.15487029,-0.09684593,0.38686803,-0.55903214,
-0.19488646,-0.25411946,-0.115340695,-0.15097882,-0.12928137,0.1912459,-0.2363865,0.04325415,0.36002645,-0.008822233,0.07445645,0.07553836,-0.23837441,-0.35390615,0.35578412,0.34072095,-0.20315614,
0.15786012,-0.38451672,0.07745463,0.16564688,0.49643302,0.42843294,0.07850083,-0.1883413,0.43828556,0.19941838,-0.039649896,0.49802428,0.37441313,-0.38184822,-0.17953354,0.01825509,0.18856016,
0.12316305,0.3540421,-0.16501601,-0.15099253,-0.22278842,-0.16827598,-0.30677,-0.38370234,-0.038262162,-0.2957032,0.12600839,0.05381444,-0.26930493,-0.29918098,-0.20744462,-0.106453896,-0.5083672,
0.10436849,-0.4319214,-0.34815618,0.38997814,-0.15760021,0.046856593,-0.13978352,-0.0042347424,0.13551222,-0.52034014,-0.19015451,-0.37284917,-0.05907237,0.13051851,0.18052556,-0.3962903,-0.36355197,
0.006651705,-0.47016957,-0.50827414,-0.46642062,0.0755641,-0.24750727,0.20206359,0.13968644,0.3343526,-0.19363883,0.34835845,0.08892098,0.033689857,0.3872076,0.22882871,-0.08863841,0.5263565,
-0.14018603,0.2705319,-0.30744123,-0.43880007,-0.29673278,0.3867886,0.30512086,-0.27718168,-0.2860656,-0.07890286,-0.3772591,-0.19877698,0.37871403,-0.083613664,0.42876995,-0.23116247,0.06316332,
0.35110375,-0.523653,0.26083383,-0.09912446,-0.4474228,-0.3038903,-0.4782236,0.115938954,-0.07423363,-0.39340794,-0.32993072,0.3009203,0.27401584,0.04585117,0.26433063,-0.3911602,-0.19243748,
-0.24006325,-0.016153192,-0.088559456,-0.31943652,-0.27296337,-0.08221785,-0.44135463,0.37041327,-0.33959258,0.3453992,-0.18457752,-0.30090284,0.08529827,0.06787534,0.3010776,-0.13370343,-0.35996866,
-0.40549737,-0.20665586,-0.06028627,0.06939517,0.31279385,-0.038414877,0.2856549,-0.09162453,0.08817698,-0.13901746,0.06716077,-0.16593733,-0.42914554,-0.32888928,0.5122735,0.08849229,0.2829025,
-0.15249605,0.32118446,0.17796001,-0.2898149,-0.45175806,0.07594128,0.17240858,-0.25246793,0.01545518,0.45494157,0.027159596,-0.38053077,-0.013385397,0.47853452,-0.4049136,-0.23699139,0.28032273,
0.04338703,-0.07495952,0.2742346,-0.01733752,-0.1399742,0.28292012,-0.32753083,0.35882235,-0.15182468,-0.2373905,-0.08233284,0.3911804,-0.3323223,-0.421215,-0.28119892,-0.209889,-0.12722912,
-0.08099064,0.19119565,-0.07317871,0.3265419,0.44910195,0.3168968,0.41691422,-0.18737467,0.4729731,0.2899854,-0.14100769,0.061616004,0.14625515,0.29820576,0.18804021,0.1916131,-0.0676578,
-0.4959866,0.13416074,-0.5018645,0.34800735,-0.11649853,0.0980338,0.2100774,0.011122897,-0.06257532,0.34242117,0.09210379,-0.4548407,0.09249482,0.3158981,-0.03346952,0.47423026,0.48209795,
-0.4493911,0.23369028,0.21291222,-0.3593554,-0.31573167,0.12254272,0.45498437,-0.3864687,0.14893389,0.3829127,0.54180795,0.23465931,-0.30695847,0.18770847,-0.26997522,-0.24738485,0.30662373,
-0.1616002,0.045998722,-0.03824292,-0.42134905,-0.5159523,0.43529132,-0.24826968,0.31919527,0.19759019,0.28969622,-0.20544548,0.18143943,0.2551178,-0.32286724,0.11867169,0.23730624,-0.0779447,
-0.08691223,0.10071362,0.39349145,0.1801718,-0.34808874,0.38309795,-0.43065402,0.4207782,0.4336052,0.27168804,0.42128932,-0.36010697,0.09301883,0.09758666,0.23768666,-0.11102255,-0.28516856,
0.2819052,0.24806467,0.4826385,-0.361948,0.45151803,-0.028211165,0.3458608,0.2285283,-0.18658698,0.15682493,-0.0829449,-0.020912634,-0.11011293,-0.21108577,0.39103058,0.18664029,0.143401,
0.20206687,-0.30587226,-0.12554191,-0.50220436,-0.45868823,-0.26747912,-0.07382672,0.031185977,-0.30171928,-0.054878253,0.29823637,0.2512991,0.10139375,0.18232325,-0.0928613,-0.059973992,-0.24435529,
-0.12220625,-0.39357165,-0.18620603,-0.11589771,-0.25647515,-0.36308357,0.15113458,-0.39988822,0.1302709,-0.31581008,-0.17571771,-0.25844976,-0.26732656,0.08410792,0.040745575,0.06411621,-0.16023065,
0.04177508,-0.040585604,0.043506615,-0.59981894,-0.04252366,-0.24802144,0.08816076,-0.548973,-0.1814054,-0.16856031,-0.17354628,-0.023062209,0.33163118,-0.22720134,-0.1718987,-0.38952225,0.3739453,
0.3108657,0.3057778,0.2806048,-0.5402314,-0.5133729,-0.16028751,-0.1671985,0.11664137,0.026658308,-0.4498524,-0.5460289,-0.1359896,-0.13961041,0.09589334,-0.15584925,-0.38456693,-0.43669817,
0.063987866,0.03773963,-0.14559343,0.3904189,-0.06493082,0.52924806,0.12928303,0.33661112,0.0023510123,-0.39846253,0.046132293,0.3724339,0.2505192,-0.09265816,-0.54839176,-0.042116836,-0.025880033,
0.20519574,0.08420472,-0.03659328,0.08353127,0.2847765,-0.15417327,-0.22551498,0.27996555,-0.278311,-0.3478793,0.22342053,-0.4448007,-0.31198028,-0.48053488,-0.4173536,0.1784153,-0.20405501,
0.50434357,0.13804752,0.05951287,0.37926894,0.30506438,-0.3261395,0.35036778,-0.32064983,0.0013669115,0.2015334,-0.41906315,0.09513451,0.24079928,0.40044978,0.3852751,-0.19422296,-0.28124496,
0.08932423,0.15049164,0.2759407,0.09685371,0.10907205,-0.11864641,0.18438467,-0.12819166,0.32992962,-0.13471155,-0.20816898,0.44565967,-0.08779437,0.13754883,0.29720792,0.39781442,0.5280073,
0.056205273,0.52666044,0.39660344,0.43859905,-0.18927734,-0.39891952,0.24911064,-0.38850626,-0.23953179,-0.076196805,0.4604471,-0.21416438,-0.4360542,-0.13185668,-0.12098167,0.21422362,0.37213895,
-0.09734079,0.31314442,0.06455864,0.20786598,-0.11882172,-0.12417885,-0.24704745,0.05076645,0.26676813,0.5089767,0.086920306,-0.12145915,0.010256999,0.37121826,-0.28734154,-0.003050001,-0.41445935,
0.41903052,-0.26834458,0.2013291,0.52556026,-0.24120243,-0.25566348,0.1167636,-0.376679,0.51046693,-0.28551722,-0.18799968,0.24090081,-0.4665539,-0.103531055,0.38009408,0.47792342,-0.023896363,
/
-0.40011027,0.029784841,0.4044202,-0.15504172,-0.45207846,0.3055993,0.4990657,0.42577836,0.4547608,0.0976498,0.25039375,0.26048452,0.12940066,0.19451493,-0.2699221,-0.035214156,0.1129248,0.21156733,-0.33720666,0.28348377,0.40438783,-0.083381355,-0.060631767,-0.045535255,0.37638572,0.04989038,0.14521691,-0.08283102,-0.13396889,-0.25767592,
0.5544568,0.14585242,-0.5047032,0.4186861,-0.27911496,-0.40588352,0.40318698,-0.01862125,-0.10023452,0.396608,-0.16611871,0.49307767,0.028453952,0.44596115,-0.37442747,-0.12263612,0.30859584,-0.14768772,-0.1750878,-0.26452133,0.4044191,-0.36857998,-0.46537697,-0.07134383,0.09773807,-0.0874218,0.37861034,0.25984234,-0.03036101,0.3277572,
-0.21270236,0.42292196,0.46611792,-0.46261483,0.053416207,0.046352647,-0.1994798,0.06280196,0.14198111,-0.20052502,-0.09456231,-0.36470821,-0.32367688,-0.35039902,-0.16949467,0.033071928,0.20589918,-0.30301574,-0.09576046,-0.15950066,0.019486897,-0.1919592,-0.40168777,0.37130624,0.45504788,-0.044111826,0.39558825,-0.23033172,0.33800584,0.00696596,
-0.11346667,0.40411687,-0.3263809,0.45389622,-0.26772574,-0.3559928,0.34040013,0.06092743,-0.25782573,0.41579786,0.43311623,-0.2639595,-0.47177085,-0.23690975,0.08723712,0.10929268,-0.1523431,-0.047202125,-0.034764282,0.42761168,0.17997043,0.14078733,-0.33304316,-0.14477713,-0.20223714,-0.17179802,-0.09004179,-0.3394827,0.048506834,0.19571069,
0.1276998,-0.18063553,0.10277532,-0.043440353,0.07376747,-0.4750429,0.30452535,0.21930763,0.4359034,0.17008452,-0.12143046,-0.46882397,0.08745069,-0.27008146,-0.008473558,-0.16874643,-0.4724117,0.41791737,-0.2505639,0.27633935,-0.33848023,0.510046,0.3977947,0.022924747,0.39325085,-0.061205365,0.28829193,0.34130597,-0.32990623,0.47984383,
-0.0032101604,0.2029502,-0.046891283,-0.19513488,0.18744868,-0.09686491,0.08342146,0.48029926,0.13851915,0.12271763,0.38603896,0.14528789,0.13992968,0.5089329,0.227014,0.36169145,-0.08004207,-0.25423807,-0.33316627,0.15275432,-0.29672348,-0.27356625,-0.3958663,-0.22739953,-0.33710185,-0.28956875,-0.34850082,0.33682275,0.15907769,0.42513704,
0.32869157,0.38286164,-0.33426693,0.061712872,0.12198529,0.23593812,-0.40601295,-0.23201753,-0.03732116,-0.10133567,-0.2859552,0.29745492,0.26417935,0.10944061,0.45103136,0.1612253,-0.0618387,-0.33551502,0.039119266,-0.44191703,0.17068869,-0.029072559,0.40418077,-0.06333731,-0.4123639,-0.20573679,-0.26700664,0.08033768,-0.037536543,-0.16265862,
-0.104795426,0.27515304,-0.42441347,0.16807002,0.2291588,-0.46571097,0.25768757,-0.38621873,-0.16177037,-0.40812933,-0.3520098,0.54125255,0.3614074,-0.49124068,0.56884485,0.33122456,0.29756102,0.05576635,-0.11433134,-0.065319374,0.25525957,-0.122163355,0.4335476,0.45293874,0.054654606,0.11220035,0.31118938,0.235985,-0.25674906,-0.21526131,
0.39146096,0.46946037,0.322997,-0.110557914,0.16572964,-0.11967144,0.04536522,0.16848421,-0.2730683,0.18403275,-0.37411836,0.042492624,-0.33760732,-0.1649807,0.4082375,-0.2562671,0.19399208,0.45658347,-0.14860214,-0.27665213,0.30084014,0.40911683,0.32522947,0.25486958,-0.20624994,0.45465383,0.4799825,-0.45602602,0.4194165,0.17371245,
-0.10256518,0.36955124,0.15828143,0.43056002,0.44506067,-0.33190358,0.26311618,0.36276454,-0.45326117,0.29163173,-0.35023564,0.24568972,0.123720236,-0.078118466,0.10423478,0.059436362,-0.21076173,-0.051868536,0.49149877,0.35997334,-0.48108917,-0.45220092,-0.3859333,0.45995227,-0.15325685,-0.10014579,-0.48021296,0.060960557,0.1473452,0.16376173,
0.087940276,-0.31545773,-0.23736012,-0.1736399,-0.16145505,-0.33405766,-0.47483718,-0.24473059,-0.22123367,-0.20673834,-0.37542695,-0.21147266,-0.036845963,-0.15032637,-0.25332168,0.09371062,0.4301585,-0.45939675,0.036282416,-0.30665705,-0.38119578,-0.33376956,-0.09327615,0.19268313,0.35961428,0.1940857,-0.034513164,-0.018979674,-0.37597907,-0.2574128,
-0.05327842,-0.08750621,0.2613382,-0.011818418,-0.3157821,-0.21166477,-0.4381041,-0.12067952,-0.5317073,0.069327675,-0.3191297,0.21283452,-0.38162625,-0.17217232,0.102865815,0.1061983,-0.12430148,0.052644376,-0.41125965,0.3560345,-0.2708728,-0.5424808,0.34873375,0.38573828,-0.08979756,0.12869427,0.30931208,0.21823178,-0.019637195,0.20367399,
-0.5167552,0.12059786,-0.47773746,-0.20819491,-0.18553442,-0.2476745,-0.11430023,-0.22656502,-0.151449,0.35057777,-0.4377589,-0.09891602,0.39047578,-0.12378075,-0.4155679,-0.27056354,0.060949795,-0.28460255,0.35858032,0.2866601,-0.39748022,0.18947092,0.19781959,0.38792834,0.325461,-0.058864545,-0.0067103044,0.21105197,-0.3362747,0.0078885285,
-0.32639772,0.27650997,-0.4696778,0.46938413,0.020095518,0.047137056,-0.043952115,0.36382425,0.20411536,-0.30073085,0.26557422,0.414133,-0.0778877,0.1468571,0.028552504,0.4187798,-0.05262705,-0.23363374,-0.14924462,-0.48759404,0.46481362,-0.4174807,-0.21745184,0.20613495,0.37947965,0.0022022438,-0.18462305,-0.42284295,0.3015006,-0.43910304,
-0.35008007,-0.19827732,0.4041754,0.37031814,-0.4369243,-0.44117743,0.36291316,-0.09283248,-0.1018906,-0.1670943,-0.34452748,0.4162453,0.45843053,0.2538157,-0.53079283,0.039755967,-0.07183237,-0.38708583,-0.03558084,-0.14150421,0.108797856,-0.27260295,-0.113001004,0.3625243,-0.24026875,0.3965871,-0.32963198,0.22145444,-0.2254991,-0.3112313,
0.19222124,0.3787396,0.36455053,0.1207877,0.077149004,0.50792855,8.736909E-4,0.059543625,-0.160633,0.5315236,-0.508755,0.18758315,0.15554577,-0.47632286,-0.014947096,0.057454865,-0.12567344,-0.4308574,0.031392604,0.42302534,0.0032027469,0.07175086,0.14660981,0.21845771,0.22090644,0.19646242,0.20979816,0.1479052,-0.14827965,0.41871876,
-0.24308658,0.15340583,-0.36891127,-0.25212434,-0.37880906,-0.35603058,-0.48447165,-0.48454383,-0.2922945,0.16388336,0.028618708,0.056607883,0.10851694,0.42271549,0.05878722,0.092247784,-0.25523654,0.46196708,0.11334173,-0.29314184,-0.2559224,-0.31583872,0.06506524,-0.26778302,0.10141604,-0.21913554,0.46482894,-0.2578807,-0.25224945,0.017213834,
-0.20113346,-0.025435269,-0.20873222,-0.058063384,0.268441,0.43911898,-0.45458496,0.41343856,0.017700598,0.45680812,-0.029236058,0.24502897,-0.38247532,0.16089046,-0.1653512,0.41561958,0.24716121,-0.32448614,0.061626136,0.2427856,-0.41759253,0.49855515,0.19366096,0.2682861,-0.05404925,0.33962038,-0.13966657,0.1296954,0.3341182,0.41213968,
-0.03859778,-0.10984159,0.5075498,-0.24173547,-0.040305138,-0.3021744,0.20820308,0.36761177,0.31422684,0.4812327,-0.441641,-0.32102546,-0.14116332,-0.40281448,0.12135548,-0.48184353,-0.12556605,-0.4200953,-0.45049855,-0.13996744,0.17760995,-0.4716975,0.25061944,0.063856296,-0.2481607,0.18765941,0.39320713,-0.3660744,0.39296457,-0.2968015,
0.37430945,0.14372489,-0.45035926,-0.42349598,-0.19237617,-0.10625629,-0.23291035,-0.45143643,-0.22207545,-0.31869575,-0.27689657,-0.11781064,-0.34041706,0.14381179,-0.32472077,-0.008997313,-0.07380486,-0.23166691,0.14653128,-0.4975925,-0.24589299,0.061755724,-0.13385223,0.4779727,-0.20801005,0.420142,-0.007864175,0.35500684,0.061635464,0.051401626,
0.18499126,-0.4612052,-0.4067071,-0.26534024,0.49339485,0.029302064,0.092141874,-0.273393,0.45611015,0.1896234,-0.1547181,0.28487667,0.4723448,-0.23505008,-0.1492787,0.07008596,-0.13250044,0.32359532,-0.40351883,0.35538748,-0.45611414,0.01594776,-0.13623889,0.28497517,-0.1442673,0.3131972,-0.1426145,0.19852063,0.15786164,-0.0712031,
0.09036594,-0.18920337,-0.08573405,-0.09835037,-0.20112866,-0.35565978,0.23212849,-0.041416336,-0.33768618,0.123072796,-0.40707713,-0.11833185,-0.28403398,0.441874,-0.068123944,-0.42356354,-0.46184242,-0.38842225,0.45654705,0.15793103,-0.11642911,0.015128602,0.2682498,-0.48540998,-0.45632258,0.21417816,0.33282256,0.007719501,-0.28727546,-0.39788714,
-0.16073975,0.09657,-0.052570354,0.24152094,0.11850262,0.08342662,-0.43988192,-0.15091586,0.36998495,0.23054539,0.12840518,-0.35370532,-0.036725495,0.34512106,0.037802152,-0.11182761,-0.15782264,0.32523257,0.004288756,-0.109395206,-0.07680339,-0.013403252,-0.09765934,0.4131312,0.20506203,0.0014727293,0.26338357,0.37631625,-0.34068426,0.02388807,
-0.13450986,-0.41025707,0.39783037,-0.26060826,0.14275756,0.09099624,0.3469678,-0.17281374,0.28853306,-0.360454,-0.439609,-0.36935014,0.25776252,-0.09031012,0.23932178,-0.0470379,0.3721405,-0.017895874,-0.32999358,-0.16136168,0.036190823,0.49325177,0.28516376,-0.06632662,0.0073615247,-0.09915848,0.22008769,-0.27837965,0.044100966,-0.038397443,
-0.054991636,0.36112744,0.22216554,-0.07542107,0.39632896,-0.33207732,-0.080883615,0.17137441,0.1635392,-0.21501581,0.37989092,-0.095076956,0.416324,0.13969484,-0.122628376,0.029659554,0.016638938,0.0075495243,0.11424907,-0.026425382,-0.46580118,-0.19255355,0.26896054,0.13707672,0.33094797,0.48645845,0.3751059,0.1754805,-0.40919176,-0.46509218,
-0.12811252,0.32624388,-0.3220986,0.22033653,-0.53787285,0.008487628,0.18442605,0.12698328,0.1994307,-0.07889596,-0.39549705,0.20899025,0.0464386,-0.38360757,-0.39101568,0.33809337,-0.23147422,0.34549347,0.36840665,-0.3531068,0.0140333045,-0.47718337,-0.015733821,-0.2768795,0.42951623,0.4333483,-0.28314608,0.28361744,0.3970622,0.010967231,
0.034371935,0.22028951,-0.28115606,-0.33244482,-0.15521063,0.17156744,0.19995216,0.103369854,0.17651643,-0.4654105,0.11657043,-0.3275395,0.2874103,0.17065129,-0.05206445,0.33558807,-0.10205341,-0.37985957,-0.23483816,0.45139927,-2.6014782E-4,0.3563699,-0.051833525,0.2436542,0.2669661,0.26750508,-0.49779752,-0.23927194,-0.11627724,-0.3870759,
0.38984287,-0.064312026,0.30930856,-0.3066863,0.031601932,-0.115683086,0.17099239,-0.23425725,-0.113608696,-0.5062403,-0.20763858,0.028312739,-0.2239982,0.38430765,-0.25697166,-0.3592383,0.3177414,0.13467139,0.46414772,0.4607121,0.2715788,0.24595468,-0.26024646,0.13311394,0.4130442,-0.40252084,0.36896193,0.47112226,-0.19057547,-0.35287496,
-0.4685974,0.43063146,0.21093065,-0.5234359,0.34017736,-0.3028695,-0.10240498,-0.0739733,0.037189096,0.38895136,0.081379384,-0.09626934,0.44691482,-0.46988246,0.4857978,0.45201147,0.19104595,-0.04749355,0.09503215,0.06891296,0.10265633,0.31468064,0.28218448,0.08491389,-0.14305373,-0.12249945,0.087095805,-0.3933103,-0.27973893,-0.23287474,
0.008978137,0.1388407,-0.07788231,-0.06908799,-0.28775528,0.3772859,0.24672145,0.42713413,0.41197824,0.4613427,0.010245572,0.124520466,-0.38246357,0.38402605,-0.041439835,-0.23037416,0.08415088,-0.51243955,-0.27187985,0.02548514,-0.14311334,0.08853093,-0.0012190756,-0.43399516,0.18912959,-0.29851118,-0.043800987,-0.31843564,-0.50855106,-0.37436557,
/
0.20335272,0.49666134,0.2159995,0.2857012,-0.16772069,0.3050113,0.21607839,0.44752088,0.023667138,-0.45940414,0.069331646,-0.21918438,0.23025927,-0.45687106,0.17894372,0.5012071,0.1660506,-0.03594024,0.09312313,0.09204532,-0.17828375,-0.0773307,-0.06955827,0.16945922,0.08144784,0.41677517,-0.35018665,0.09891695,0.30827373,0.40823573,
-0.16466185,-0.4660936,-0.44504133,0.2384327,-0.18346933,-0.24758258,-0.45821753,0.2564155,0.397352,0.096441545,0.15485553,0.26419854,-0.3962723,-0.21267273,-0.036715772,-0.08527391,-0.15972789,0.33487782,-0.46862406,-0.3439562,-0.43151733,0.33432066,0.34521723,0.41277197,0.2599715,-0.15583459,0.5006556,-0.12629244,-0.023558808,0.14013958,
0.09831795,-0.49283382,-0.42426878,-0.38828287,-0.42815045,-0.3533676,0.2035112,-0.32717335,0.0118838325,0.33083782,-0.49824396,0.27124137,0.42331934,0.4634968,-0.089935556,0.06697422,-0.44162065,-0.24688014,0.22866349,-0.215251,-0.29391563,0.28535575,-0.43939066,0.33001342,-0.18674727,-0.41922274,-0.089508586,-0.2700536,-0.25315067,-0.04604312,
0.23531608,0.17271614,0.35709357,-0.45622674,-0.091972336,-0.18861054,-0.36082736,0.48271683,-0.077132605,-0.2519165,0.17715986,0.043993272,0.056732334,0.36026794,-0.13023454,-0.18620522,0.4727611,0.24605523,-0.025771111,0.44766948,0.05129256,0.43136713,-0.26121378,0.43261287,-0.20229058,0.040165354,-0.21799397,-0.37343165,0.17917031,-0.20460384,
-0.1343128,-0.34695673,-0.060073216,0.19197057,0.34169787,0.09587522,-0.34769684,-0.47324774,-0.32314515,0.3402079,0.06556294,-0.37486875,0.45174423,0.15841801,0.043676525,0.41953197,0.40379637,-0.19777651,-0.016157076,0.32866523,-0.15344808,-0.3107326,0.40862688,-0.05798883,-0.12991562,-0.5012109,-0.41986287,-0.056884535,0.10250525,-0.12225861,
-0.08266437,-0.18982978,0.21691121,0.3768321,0.245103,-0.22608025,-0.071700975,-0.5036173,0.37828806,-0.28862748,-0.2735479,-0.38622853,-0.34545326,-0.41292188,0.08828772,0.17014244,0.15378062,-0.08048641,-0.03683008,-0.11330131,0.17237829,0.29202908,-0.19672297,-0.13799421,-0.30308977,-0.34156072,0.3656877,0.13858704,0.4972234,-0.3191338,
0.014322209,0.076965556,0.46112487,-0.3809534,0.30775422,0.16930133,0.054617524,-0.12581071,0.38159078,-0.09444973,0.14196846,0.3154894,-0.28470486,-0.44959363,-0.19695629,0.26915038,-0.21208028,0.15625799,-0.34530696,-0.35036632,-0.21299976,-0.2590887,-0.44126537,-0.4305656,-0.19892274,0.106692284,0.47556624,-0.43439016,0.13046792,0.37552443,
-0.049577206,-0.18469928,-0.44200006,0.4872443,-0.2161198,-0.29782176,0.2391957,0.024930267,-0.36281887,0.23969904,-0.3713247,-0.15480612,-0.24767247,-0.3953194,0.23181777,0.025131568,-0.14414738,0.16470733,-0.39437574,-0.37006775,0.08234531,-0.20204622,-0.25898397,-0.30152035,0.034898598,-0.5021169,-0.2160696,0.36385182,-0.049294583,0.24162613,
-0.25956237,0.08148317,0.32479563,0.46690664,-0.10150666,-0.08977439,0.4769721,-0.44120404,-0.31223398,0.26492533,-0.10767921,0.10440054,-0.26850748,-0.301598,-0.3462384,-0.3468252,0.355773,0.28890598,-0.12755796,0.3749479,0.10682971,-0.28609914,-0.32913592,-0.33464238,0.038612716,0.32134023,-0.4602958,-0.44459897,-0.39110637,-0.19900419,
0.10890423,0.21118373,-0.21532555,0.3054086,-0.41108143,0.31961885,-0.50745565,-0.23831649,-0.14981331,0.36465344,0.04264665,0.24682039,-0.022316605,0.39790452,0.18899201,0.04948063,0.46127447,-0.4267623,0.3800129,0.046395965,-0.13542727,-0.3802117,-0.007908043,-0.18101725,0.19274959,0.35170564,-0.0056047863,-0.36853504,-0.48022416,0.03572197,
0.32939804,-0.007205995,-0.38499615,-0.2876292,0.46785602,0.33191988,-0.22297987,0.22894458,0.15945977,-0.3303571,0.29988214,-0.37062797,-0.24084218,-0.15527073,0.25652874,-0.0035914234,-0.54348165,-0.45395482,-0.1485136,-0.26251572,-0.3991296,0.10434512,0.40031704,0.050313555,0.3368238,-0.024094189,0.043038327,0.3324937,-0.41081518,0.4137466,
-0.27395317,-0.24030666,0.05625384,0.29453823,-0.3463698,0.0580411,0.1083671,-0.39942065,0.44459823,0.2099562,0.04649933,-0.37973034,0.42427513,-0.38348055,0.11245839,0.40380353,0.27232853,0.29022056,-0.019036844,0.32545894,-0.050580595,-0.08893881,0.22834985,-0.39423907,0.36827126,0.017323276,0.14130712,-0.1790674,-0.14410315,-0.15286262,
0.012527816,-0.08042034,-0.26964137,0.03765858,-0.04496771,-0.16475162,-0.18355301,-0.12155693,0.15076125,0.23105192,-0.09867893,0.44836205,-0.073011704,0.40323228,-0.30331752,-0.50801027,-0.24021341,-0.36730242,0.12547433,0.08287903,-0.26069134,-0.3470038,0.09176633,0.22769196,0.44454214,0.46228927,-0.5053568,-0.07020537,-0.11135053,0.15614545,
0.24882595,-0.25247476,0.44807538,0.15312225,0.020775719,0.38317758,0.4217933,0.038972616,0.16019644,-0.39089638,-0.34448966,-0.25468668,0.37261465,-0.4146237,0.23131236,-0.24528539,0.06544929,-0.34534493,0.16200499,-0.34741506,-0.089586765,-0.0862309,0.2113102,-0.10581102,-0.093165845,0.3135756,-0.010579523,-0.20683241,0.49407038,0.42866877,
0.4223055,-0.32826966,-0.18701273,-0.40545616,-0.030754503,-0.08882465,0.33992994,0.38108274,-0.4056979,0.44513673,0.012636039,0.07059453,0.4499903,0.044967577,-0.17484435,0.35653922,-0.4486713,0.27543953,0.16190965,0.21423094,-0.36832625,-0.46942207,-0.18037201,0.15863231,-0.44461235,0.019142777,0.06792498,-0.1378268,-0.22232904,0.019436847,
-0.42785084,0.43623558,0.3658462,0.16441298,-0.24124117,-0.26609114,0.4700462,0.32397127,0.14434429,0.09854404,0.0063470667,0.010465833,-0.035210226,-0.08000833,-0.08862086,-0.17533338,-0.036243763,0.13661134,-0.03827331,0.4469032,-0.12712277,-0.27883205,-0.09298065,0.2355396,0.43372512,0.14574425,0.22272433,-0.2634973,-0.49983793,0.37604156,
0.2766181,0.106623024,-0.10224534,0.002574453,0.24267974,-0.22887929,-0.27500147,-0.2812035,0.4995233,0.3835394,0.22859028,0.30297273,0.20295575,-0.013391583,0.22915421,0.16353239,-0.44044206,-0.4013259,0.30058274,0.18610214,-0.07935178,0.07838762,-0.20977822,-0.09165476,-0.01929888,0.3764024,-0.29868472,0.1561051,0.42488047,-0.25659013,
0.29373765,-0.21648248,-0.45513076,-0.13368091,0.07258728,0.3636617,-0.25489265,0.41976508,-0.03111813,-0.3361932,0.40286493,0.4212023,-0.53624916,-0.17114618,0.3944636,-0.4608007,-0.051925775,-0.14692058,-0.34317347,0.17586349,-0.3899388,0.5014027,0.11357745,0.12988672,-0.41186148,-0.13993016,0.2902357,-0.008770918,-0.412634,0.1997585,
-0.29195082,-0.31625414,0.137607,-0.048076842,-0.17587458,-0.094300866,0.4445979,-0.29051316,-0.32644174,0.40692487,0.17528853,-0.47005373,-0.41613814,0.1775592,-0.48548082,-0.16223697,0.17043756,-0.24023108,-0.23740698,0.16910851,0.3322737,-7.0856576E-4,0.42565697,-0.27922854,0.4110868,0.08392118,0.026743833,-0.38218668,-0.49909323,-0.08989101,
-0.0532196,-0.19588837,-0.38379252,0.076721914,-0.30181572,0.14982265,0.115431555,-0.5129722,0.22398724,0.27542654,0.416824,-0.34157547,0.07813781,0.07473445,0.20839486,0.15307817,0.43694657,-0.24672066,0.01406033,-0.1631987,0.31096935,0.2244442,-0.43945035,0.31230155,0.3430639,0.35778338,0.32037345,-0.2395556,-0.15363291,-0.21580109,
0.5045719,0.4283221,0.08382075,0.38843656,-0.0027077855,-0.018692594,-0.3402742,-0.55469006,0.183108,-0.42325625,-0.4737368,-0.04698493,0.42328107,-0.22624804,0.29787117,-0.321331,-0.05179644,-0.35290295,-0.1842418,0.035628174,0.27907455,-0.14194451,-0.33942255,-0.23465887,-0.20070904,0.4349856,-0.42314628,0.046638306,0.18421109,-0.2873193,
-0.3005916,-0.2829666,-0.33715892,-0.27778837,-0.023974556,-0.33887294,-0.40782684,-0.14642002,0.27506205,0.05573681,0.24616134,-0.17980193,0.07492996,0.09116248,-0.3496582,-0.35231423,-0.33053476,-0.18796797,0.22566877,0.42862532,0.37636268,-0.2826442,0.36730006,-0.22675438,0.3016421,-0.08690939,-0.3151546,-0.4617277,0.20349573,0.3508159,
-0.120852605,0.46436998,0.22948469,0.09295235,0.028627042,-0.12058084,-0.44872734,-0.32920516,-0.3719911,-0.060382262,0.055584498,0.077820376,-0.32152823,0.38084564,0.17256817,0.3012785,0.3551068,-0.05248666,-0.45456526,0.13595866,-0.25295284,0.47863033,-0.111298665,-0.38660643,-0.044188432,0.30763403,0.090009645,-0.2440317,0.04496532,0.07487385,
0.09371567,0.29977602,-0.38132545,0.030379206,0.24442261,-0.33470657,-0.37073696,0.24487472,-0.3224918,0.21408701,-0.31314394,-0.15169878,0.48936835,-0.13864137,-0.23496532,0.43801382,-0.092544496,-0.16113529,-0.015138392,-0.27092993,-0.2102158,0.21083036,-0.47099143,0.47393873,-0.2679252,0.4517937,0.2526953,-0.072755784,-0.12922639,-0.3112021,
-0.24293034,0.35761726,-0.11866006,-0.16882902,0.4702591,-0.42923546,0.01688232,-0.40753537,0.4503265,-0.29072112,-0.42090783,-0.44765005,-0.29888433,-0.2948712,-0.056183722,-0.14756861,0.09838346,0.32434157,-0.021425316,0.104033425,0.27478382,0.05869877,-0.3176782,0.1358257,-0.2163834,0.026966602,0.14125048,-0.28854254,0.11630224,0.25468838,
0.22350174,0.020718358,0.15415493,0.22250064,0.43236196,-0.03557752,-0.08241508,0.32708105,0.39461127,0.11345442,0.31600335,0.42431077,-0.09802424,0.09644652,-0.3374794,0.47367057,0.47304708,0.35419303,-0.1753739,0.061878785,0.10058595,-0.25352526,-0.20246154,-0.12480242,0.32842097,-0.029326102,-0.27338043,-0.18628016,-0.35936514,-0.1043657,
-0.26657766,0.31644002,0.061619487,0.031160986,0.23635124,-0.27184194,0.4641018,0.25503132,-0.14789592,0.3281766,0.2119932,-0.492869,0.11482807,-0.15710233,-0.17355528,0.30089986,0.36373988,0.06294773,-0.36699608,0.438762,-0.21940142,0.1296104,-0.204628,0.22600168,0.2859193,0.2635714,-0.36831388,-0.34363067,0.05372052,0.3384496,
-0.17791717,-0.35047185,-0.09676672,0.3398393,-0.4483186,-0.17223555,0.08141737,0.32196423,0.20095414,-0.49969593,0.1702463,0.27688518,0.023564892,0.4290768,0.17235705,0.5063287,-0.15122849,-0.13057914,0.3727662,0.018453183,0.4689746,-0.46776575,-0.52241695,-0.3508282,-0.39129183,0.3078678,-0.19140363,0.03986496,-0.27685976,0.5012638,
0.20798987,0.14218387,0.33521262,0.24549824,0.34299335,-0.23793179,0.055180117,-0.441644,0.24473771,-0.18351819,0.47888914,0.22280411,0.24893126,-0.015601366,0.19608808,-0.11648194,0.13439053,-0.14223683,-0.34703025,0.30817366,0.21672039,-0.092657074,0.32547954,-0.20562014,0.17675163,0.035153087,0.054703142,0.33060896,-0.30020073,0.09822896,
0.06507973,0.24893834,0.028002957,0.33770478,0.2079979,0.24740349,0.29517123,-0.15037255,0.2866647,0.2834116,-0.45664403,-0.06893791,-0.0015141036,-0.03203211,-0.3594732,-0.08985899,-0.25285086,0.029410131,0.3986458,-0.29162824,0.18296117,-0.11721057,-0.28437597,-0.41965994,0.040838037,0.2659622,0.33169717,0.025229003,0.35193098,0.26492184,
/
0.4707967,0.25559148,-0.27503493,0.21542113,0.062500045,-0.20874645,-0.0646896,0.3717142,0.13465145,-0.27193552,-0.2538791,-0.27132258,0.43518442,-0.05155365,-0.034782425,-0.42134425,-0.046988867,-0.06723553,0.30262458,-0.12646468,-0.087255925,-0.007663272,0.2610573,-0.20555764,-0.030776711,-0.28204557,-0.29935429,0.21711501,0.44166043,0.46349373,
0.2789895,0.15873988,-0.25406745,0.34239274,0.39910382,0.43267477,-0.313528,0.33043045,0.3453024,-0.39037937,-0.17868324,0.054006424,0.034491863,-0.18785474,-0.17498662,0.22647513,-0.15480982,-0.21263258,0.41124213,-0.0071706087,0.21536921,0.14515717,-0.13593884,0.076521985,0.33281288,0.14385492,0.38280082,0.18020187,-0.2355124,0.38920173,
0.16317748,-9.9257E-4,0.13405575,-0.2359652,-0.16572058,-0.18494725,0.27005976,-0.30881083,0.21358271,0.23618402,-0.011326033,0.15333235,0.18080461,0.3829612,0.30882582,0.10244665,0.13175637,-0.099062696,-0.22808222,0.28092855,-0.11080214,-0.07836714,0.16364394,-0.2796827,0.022633344,-0.17380479,-0.111030735,-0.11586198,0.1853485,0.32424986,
0.19868453,0.13009083,0.20123245,-0.16236676,0.0656929,-0.33505288,-0.4609478,0.31876233,0.19617617,0.22404681,-0.54203886,0.19927353,-0.26022947,0.28123698,-0.43359745,-0.37986356,-0.11974283,0.13740143,-0.21541908,-0.20412315,-0.06295714,0.17674337,-0.14253546,-0.085933186,-0.13972187,-0.1923471,0.0031058465,0.20010766,0.27558988,0.28752372,
0.119198024,0.018195082,7.042743E-5,0.23423634,-0.09862046,0.44323462,0.24940927,0.39112467,0.46444085,-0.1735977,0.09618725,0.06963919,-0.0324483,-0.096274465,-0.33638138,0.12349905,-0.27427572,-0.3313986,-0.26030242,0.13947245,-0.16666135,0.35885623,0.07836313,0.1893371,-0.3163578,-0.14636455,-0.17764089,-0.02580407,0.26553082,-0.26651433,
-0.21177904,0.22508797,-0.35674623,0.072084755,0.14957397,0.14141624,0.0405333,-0.17470318,0.24686916,-0.23001473,0.314707,-0.095763266,-0.4241734,-0.031607363,0.11332717,0.2713481,-0.20749016,-0.15868254,0.4629643,0.2534006,0.32962513,-0.180215,0.41759738,0.038280353,0.036985673,-0.26000047,0.20139034,0.102962025,-0.32237616,0.20425464,
0.013676939,-0.38372892,0.12874195,-0.28533092,0.26220527,0.4034404,-0.13818583,-0.25885954,-0.12670803,0.40757018,-0.066703595,-0.16400787,-0.4099607,-0.13548198,0.38332862,0.1637878,-0.30609855,0.24699353,-0.13601962,0.12075453,0.37429944,0.0073413253,-0.22178212,0.09975835,-0.25087896,0.3816365,0.1496177,-0.24803749,-0.29690802,-0.15432802,
-0.26450166,0.016938457,0.22522941,-0.3817486,0.0444414,0.0748044,-0.21351679,-0.100179724,-0.18339983,0.39565924,-0.16627926,0.30265012,-0.41517538,0.47058004,-0.4002805,0.16397044,0.3155558,-0.11129877,0.44730246,-0.3775555,-0.23337057,0.07101141,-0.27630588,-0.26696602,-0.028771436,0.0032974696,-0.29799044,-0.1657232,-0.2753961,-0.3414081,
-0.1682187,-0.041328847,-0.22857866,-0.2774144,-0.1837401,0.24872433,-0.060219117,-0.00982774,0.32195523,-0.4040116,-0.03667945,-0.014605657,-0.19213717,-0.4279053,-0.5374998,0.37877342,0.044797957,0.04483486,-0.265756,-0.29361472,-0.2877501,0.05534914,0.3112327,0.38688055,-0.1581636,0.120552845,0.40895328,-0.09090844,-0.43343133,0.40610403,
0.3628508,-0.19862695,0.082594216,-0.35544586,-0.21658167,-0.22659871,-0.08248746,0.22734845,-0.056104835,-0.20708169,0.23809549,-0.31592852,0.4383971,0.32873756,0.2796003,-0.28196537,0.12689841,0.3981694,0.071379334,0.33037764,-0.054049533,0.35046056,0.03903748,-0.0744472,0.38404733,0.50866586,-0.04305517,-0.23881732,0.3108832,-0.29690316,
/
0.013173478,-0.02946135,-0.058783755,-0.0070207836,0.028565846,-6.747856E-4,0.042799085,-0.060110845,-0.019062515,0.01604396,
-0.012486652,-0.007726805,0.015058751,-0.070855364,-0.016458504,0.030646019,0.057723112,0.093385555,0.0072931987,0.025079764,
0.0044445856,0.019733477,0.05922366,0.011663622,-0.018140107,-0.06726805,-0.0026511545,0.029755287,0.008482213,-0.08156426,
-0.051513053,0.006370948,-0.009570698,0.034231722,-0.026945302,0.016462926,-0.024042252,-0.034072958,-0.0023906755,0.0688604,
/
