#6
-0.19214556,-0.33078822,0.11461864,0.05397689,-0.4044677,-0.2727778,-0.34748504,0.5060718,-0.09750405,0.46328157,-0.16736378,-0.14936328,-0.186088,-0.0039003047,-0.46895778,-0.26461512,-0.500764,
0.04981994,0.024498986,0.47120526,0.43953136,-0.27287048,0.2540108,0.37418056,0.2298967,0.20578513,0.18509692,0.35746592,0.08029853,0.36027175,-0.35926664,0.4605962,0.11450893,-0.25091684,
0.37201685,-0.40003338,-0.43294945,-0.0086370045,-0.45865375,0.37516236,-0.24973343,0.27755517,0.4226146,0.3532065,-0.29289424,-0.123391196,0.04667976,0.009234397,-0.4327777,0.37777197,-0.21275477,
-0.08008962,0.03354334,0.14857848,-0.4231295,0.46449548,0.10949051,-0.09166674,0.36334446,-0.39160058,0.17722455,-0.26728365,-0.03590805,-0.40189296,0.3822959,-0.2748164,-0.23280802,-0.07734283,
-0.41092217,-0.40829104,-0.07907661,0.138896,-0.43068957,-0.19498062,-0.4062915,0.07603123,-0.46328154,-0.035018858,-0.2527208,0.21303393,-0.015419663,-0.22424139,0.4421359,0.141163,0.12165774,
-0.055948906,-0.23376371,-0.19732492,0.41707802,0.4609676,0.4285265,-0.16236818,0.2530965,0.3611587,0.36874497,-0.0727081,0.17297436,-0.3988881,0.3397522,-0.27993178,0.34699225,0.11215146,
-0.2709071,0.055377502,0.45953622,-0.3072865,0.2874061,-0.25305733,-0.32612765,0.3369873,0.21579275,0.056087185,0.4105261,-0.21593757,0.184381,0.3968712,0.025723908,0.20326386,0.052463178,
-0.4699636,0.22393449,-0.39192468,-0.16565767,0.4005998,-0.12722689,0.14305343,-0.3609735,-0.08267404,-0.051184434,-0.3107397,0.16715933,-0.4792781,-0.34483618,0.061640218,-0.26943713,0.1313201,
0.012515864,-0.32890448,0.37156624,-0.38618684,0.35730293,-0.4134201,-0.19535866,-0.007589387,0.20916136,-0.010257882,-0.33746445,0.017019045,0.07888825,-0.06726951,-0.34376788,0.026736528,-0.076103896,
-0.14592278,-0.49644667,-0.40855792,0.18572652,0.113559656,0.026390877,0.45251957,-0.16443568,-0.0016461215,-0.006248888,-0.13113028,-0.32266527,0.20103446,0.49772978,-0.15982148,0.3900084,0.47785348,
0.40215248,0.13585722,0.16093682,0.12679575,0.1517501,-0.41753006,-0.09317497,-0.022379868,-0.32267335,-0.3381405,0.3521543,-0.40636262,-0.034584567,-0.0036602947,-0.32831296,0.48052374,0.4893985,
0.38897604,-0.28303424,-0.09527719,0.11628934,-0.37556374,-0.36617482,-0.028817525,-0.014276236,0.09264161,0.228518,0.25559145,-0.35353693,0.055259287,-0.06328921,0.2654055,-0.25766823,-0.1732804,
-0.17441095,0.21625912,0.46059492,0.058441482,-0.4211203,0.40884334,0.13461888,0.43610987,-0.37673062,0.1315007,0.19428816,-0.124390125,-0.20194834,0.011482807,0.05934944,-0.40129346,-0.47456658,
0.23000325,-0.23220931,0.33690768,0.50115323,-0.23370145,-0.23818141,-0.045104265,0.15301012,-0.42538422,0.04401347,-0.06532979,0.07010224,0.12378523,-0.50605565,0.45938522,-0.17400923,0.06472778,
-0.33541864,0.094251074,-0.048220176,-6.436609E-4,-0.45506725,-0.10209613,0.3035227,0.3895121,0.15438148,0.48852026,0.39100438,0.352408,-0.4123572,0.16124389,-0.262721,-0.4170828,0.030941797,
-0.26815554,0.38351423,0.44841188,-0.43116984,0.08503436,0.2704617,0.4058619,-0.21712527,0.072362386,0.09218777,0.37800777,-0.29009736,-0.11925739,0.39477634,0.21170247,-0.03776468,0.22759476,
-0.10615214,-0.19309588,-0.32853025,-0.053603645,0.035093296,-0.061787225,0.42870125,-0.045846693,-0.5219449,0.2523387,0.43918464,0.30462465,0.06107391,-0.24172062,-0.40198705,0.12072807,-0.39149585,
0.4231016,-0.4882841,0.1022472,-0.039318174,-0.46947974,0.16823769,-0.26734906,-0.052413724,0.46123335,-0.37320068,0.097801454,-0.31530726,9.08725E-4,0.49504375,0.056086425,-0.44007695,-0.06711776,
-0.34703508,0.29163638,0.17505859,-0.3757575,-0.3857476,0.042523623,0.41414386,-0.020661231,-0.11650771,0.34220397,-0.4025889,0.15806577,-0.48903552,0.0053193816,0.16205472,-0.14351615,0.08281779,
-0.38607472,0.05267061,0.11407568,-0.03492756,0.24930918,-0.06442776,0.4260061,0.11849548,0.46946758,-0.07849941,0.09483713,-0.31048083,0.1543454,0.19321463,-0.2481144,-0.116745755,0.3965063,
0.09668826,0.010317559,-0.44920015,0.4071622,0.2094281,0.28261617,-0.46753767,0.1929762,0.3978922,0.33147356,0.36004135,-0.12967557,-0.17809558,0.22783911,-0.43787065,-0.2687671,-0.15128604,
-0.45048004,0.014116039,-0.4464356,-0.4085077,-0.43381608,-0.044213533,-0.26458365,0.2724875,-0.15850008,-0.071152344,-0.41493136,0.3296955,-0.09767131,-0.44416204,0.17216568,-0.22594844,0.06614112,
0.22227865,-0.17728575,-0.21456717,0.47640023,0.40652895,-0.40625885,-0.17074703,-0.33162957,0.121307485,0.015979031,0.014502057,-0.06211762,-0.16347247,-0.62035555,0.2485613,-0.23153105,0.49167877,
-0.10936827,-0.08162719,-0.3694004,0.0010607034,-0.34913608,0.3759933,-0.1857209,-0.059042577,0.19620495,-0.4496043,-0.13750392,-0.055077262,-0.11716737,-0.3397586,-0.45526996,0.53234947,-0.14820793,
0.10018706,-0.4907768,-0.023829078,-0.246512,0.05847553,-0.30116507,0.45580596,-0.2724341,-0.062943004,-0.043159347,0.17913532,0.19462475,0.40803096,-0.0368634,0.26823774,-0.23071837,0.028767927,
0.029976383,-0.35249737,0.051450692,0.3306036,0.43467826,0.39995894,-0.49877933,-0.2189884,-0.35548776,-0.2938332,0.38385102,0.4579459,0.04443099,0.14420514,0.05334023,-0.075074956,-0.329034,
-0.22314544,0.076251075,0.10120661,-0.052160237,-0.387391,0.36205602,0.38244003,0.13413128,-0.3663148,0.20796962,-0.10544269,-0.27296227,0.44986123,-0.20473814,-0.21931335,-0.029729605,0.2908194,
0.09265936,0.36405155,-0.3651769,0.24710296,0.4902288,0.2624063,0.22055128,-0.18077755,0.10382308,-0.02006111,0.07113711,0.43103996,0.16824852,0.45508817,-0.41065255,0.08631667,-0.2002602,
0.041189604,0.10409864,0.36739564,-0.21450871,-0.14940938,0.345735,0.31951106,0.3898097,-0.29972222,0.23732679,0.34398285,0.15691037,0.46531162,-0.015200356,-0.41876486,0.36579213,-0.112407476,
0.48186994,-0.23777357,-0.106160656,-0.43311402,0.17987238,0.38830706,0.17641523,-0.16200493,-0.14175701,0.21716718,-0.43961778,0.35676357,0.1213684,-0.11215813,0.17849751,0.23982312,-0.36768106,
/
0.29094324,-0.061118603,-0.37791508,0.2673266,-0.364032,0.036456063,0.18516846,-0.110861346,-0.07695413,0.42351195,-0.31625074,-0.40035945,-0.4298134,0.14704122,-0.36239225,0.40467605,0.013590671,-0.19698417,-0.37624887,-0.28028578,-0.15156627,0.49045187,-0.11633601,0.401082,-0.33814016,0.13795716,-0.2598745,-0.10430977,0.06631704,-0.284881,
0.3072622,0.33341575,-0.44139624,0.06299471,-0.19205667,0.1733861,0.2378851,-0.3477213,0.037552867,-0.44026926,0.044684708,0.3655542,-0.29912025,-0.36462733,0.12822719,-0.38398543,0.31246576,0.03591847,-0.030972308,0.4139838,-0.24714674,-0.17201217,0.103712745,0.21641397,0.40234214,0.47421828,-0.22375028,-0.27952793,0.33064902,-0.31811488,
0.19062349,-0.036143854,0.42842618,0.06530868,0.17274965,-0.04114704,0.5123907,0.18590873,-0.3980903,0.17229429,-0.36573908,0.30305347,0.39177218,0.44132563,0.3000435,-0.1403061,-0.27072743,0.08816566,0.3597367,0.11952927,-0.07667069,-0.042668283,0.09471259,0.017517492,0.14554168,0.19959462,-0.04620912,-0.27827016,0.49176717,0.38070044,
0.3422124,-0.29461402,0.27202892,0.07220411,-0.45400354,-0.1693741,-0.13680051,-0.08399494,-0.05370883,-0.38120046,-0.102882855,0.17268291,0.30766827,-0.1827099,-0.34697083,-0.060799357,-0.31430748,0.005133023,0.0049271,-0.36956397,0.3246114,-0.33284715,0.4592023,-0.3464631,0.3325316,-0.16401939,0.41799963,-0.08944407,5.177051E-4,-0.004161056,
-0.32860515,-0.23208144,-0.02254877,0.3626105,0.13516717,0.18937817,0.3918426,-0.026419064,-0.03762008,-0.43880838,0.46830368,0.45451865,-0.17372347,-0.039653894,0.26232076,-0.35471904,-0.24629636,0.027987206,-0.5034366,-0.025005778,-0.15071557,-0.01210677,-0.4203768,0.124254994,0.07736314,0.20363994,-0.038352806,-0.03624671,-0.09146686,-0.27162242,
0.41754445,0.19551723,-0.33158165,0.37029704,-0.4363954,0.3044595,0.46374545,0.039613314,0.27224675,-0.14327246,-0.123161,-0.24461271,0.2847147,-0.24985999,0.48671234,0.320541,0.07602631,-0.075539775,-0.2884399,0.47300345,-0.14196157,-0.36520132,0.45733494,-0.2987551,0.33284825,-0.029304583,0.045832608,-0.083261095,-0.34113115,-0.4070629,
-0.32474077,-0.05447005,-0.15178078,0.32932785,-0.3070786,-0.21293923,-0.14768578,0.14073509,0.079032175,0.106505245,0.007863027,0.13742998,-0.27306595,0.14976163,-0.06291641,0.3695398,-0.21082172,-0.45755655,-0.17159015,-0.06298579,-0.44994232,-0.08431202,0.22857018,0.44779173,0.22055443,-0.09641726,0.42154783,-0.36282182,0.3886811,0.048352562,
-0.3325207,0.24348621,0.38297734,0.10173368,0.24310397,0.33792785,-0.25367334,0.25897965,-0.45604852,0.35912588,0.20608348,-0.188514,-0.32199422,-0.2676308,0.44539553,0.4276724,0.17915821,-0.18358512,-0.46671382,0.26323912,0.26094377,-0.044922285,-0.48715457,-0.30631858,0.3169011,0.13410205,0.09801643,0.2612962,0.34760034,-0.36264247,
-0.30619884,-0.28621835,0.17795445,-0.4364896,-0.24292697,-0.16443805,-0.06511209,-0.24914634,0.3222602,0.10684193,-0.14217018,0.03548131,-0.49419218,-0.3287962,-0.19922663,0.033236414,-0.05937337,-0.10290345,0.07060621,-0.35407588,0.0038415953,-0.28216445,0.011457116,0.40985873,-0.35267764,-0.21204546,0.21319342,0.4389887,0.06651945,0.4390169,
-0.19795153,0.1685465,-0.5065925,0.12715802,0.21950825,0.32073402,-0.03910889,0.37301582,0.13211267,0.4563418,0.069244824,0.36379686,-0.24444331,-0.18009344,-0.32355806,-0.2613203,0.3459677,0.08347603,-0.011316697,-0.2733679,0.36283204,-0.055378444,-0.53243196,0.1309231,0.0662407,-0.09864938,-0.26063162,0.40078497,-0.12426911,0.22587802,
0.05967045,-0.1800015,-0.25267678,-0.31719014,0.1497712,0.3618073,-0.08155974,0.4685622,-0.36812484,0.4181756,-0.29346368,0.22373113,-0.27714565,0.10415744,-0.055040568,0.50573677,0.3212667,0.3803265,-0.23574388,0.36096355,0.21072409,0.44725978,-0.5111436,-0.28466964,0.08416997,-0.25439283,-0.3695314,-0.4227472,0.38208318,0.4204156,
-0.2750747,-0.23612945,0.01877222,-0.17696172,0.12483565,-0.21338718,0.2619498,-0.3002887,-0.035259325,-0.14321594,0.4244039,0.29065165,-0.3270002,0.21330862,-0.18153511,-0.29107633,-0.4814419,-0.29715702,-0.28764188,0.4767935,-0.0594496,-0.16365217,0.31326804,-0.4594575,-0.28412795,-0.2944769,0.38045934,0.16162796,-0.13595727,-0.23195195,
0.32999882,0.03159786,-0.32587475,0.43356326,0.243098,0.35275495,0.22490254,-0.012292116,-0.094449185,-0.03334242,0.069727965,0.24958524,0.501077,0.39762664,-0.11176263,0.42697126,-0.3535365,-0.03594659,-0.44036648,-0.18220954,-0.36404642,-0.25161558,-0.26536378,0.44536826,-0.15719351,-0.37175664,-0.3045482,-0.13954112,-0.17210993,0.23490126,
-0.101332195,-0.46556818,0.487301,0.027270073,-0.2630355,0.15779679,0.23107986,-0.4776168,-0.11649568,-0.03876026,0.24951963,-0.055410296,0.44873178,-0.4433663,-0.2689758,0.036034435,0.06965004,-0.21663237,0.14145434,0.4772689,0.0013521572,0.39891124,-0.062223315,0.4729351,-0.028331632,-0.18600705,0.4054942,0.39349493,-0.473831,0.2064347,
0.4683121,0.10002971,-0.07198951,-0.49313837,-0.46169472,-0.27211452,0.42261636,-0.2924272,0.11117034,0.4373696,-0.13460092,0.23587957,-0.35453683,-0.44986323,-0.4675963,-0.26663235,-0.36810565,-0.274985,-0.273292,-0.45114022,0.04883615,0.05154233,0.022365224,0.08492703,0.16791046,0.20222735,-0.22091399,0.40256912,-0.4604659,0.023948621,
0.08093852,0.030908126,-0.214205,0.17659362,-0.17771116,-0.07490345,0.37268937,0.04244052,0.042499274,0.47060117,0.3424829,-0.38550234,0.43313578,-0.051379424,-0.25861725,-0.06758884,-0.13316427,-0.47391516,-0.2942672,0.52004886,-0.12277994,-0.36910194,-0.31287163,-0.076899454,0.18546306,-0.078728095,0.36770326,0.45603043,0.0022503606,-0.030931173,
-0.16913866,0.26757833,0.37119555,0.24406482,-0.32871985,-0.15160435,-0.41777745,-0.4764934,0.12556212,0.22805598,-0.031486563,-0.48692495,-0.048045006,-0.20383409,0.09378064,-0.25843576,-0.44279402,0.053701885,-0.10413507,-0.13637957,0.29244605,-0.28332567,0.505499,0.136061,-0.07633003,-0.07987871,0.36036628,0.27544346,0.0025700126,-0.1368906,
0.40976116,-0.018982362,-0.24182807,-0.12743141,0.035294093,0.37439114,0.35040548,0.14067966,-0.08397001,0.25917742,0.25456974,0.19618104,0.054997522,0.50502384,0.12508872,-0.22239119,0.15447566,-0.2093048,-0.21552151,0.2841094,0.08645398,-0.3505945,0.11048386,-0.3485679,-0.23079103,-0.3688839,-0.2733735,0.13591494,0.3703385,0.08785629,
0.031905707,-0.46512628,0.41016236,-0.15695323,0.048726313,-0.19064046,0.37608096,-0.13388504,-0.09592584,-0.22079253,0.3928075,-0.48265064,0.37453035,-0.19110487,-0.112791926,0.008093546,0.46491006,0.14674757,-0.031972155,-0.28723153,0.16520962,-0.2777798,0.08289241,0.009547166,0.2598707,0.39675286,-0.09429575,-0.07845674,-0.32509387,0.4890089,
0.23202331,-0.4336223,-0.43512246,-0.29135287,0.17725368,-0.19721088,0.24741764,-0.42502585,0.40708184,-0.061771207,0.31805572,0.18565795,0.29549187,-0.31358552,-0.4890774,-0.30122477,0.2503064,-0.35412508,-0.015321705,0.39050823,-0.1469761,-0.004332592,-0.2814249,-0.10131111,-0.123179376,0.12401415,0.104127124,0.23157752,0.27266893,-0.007818399,
-0.24799308,-0.34525952,-0.42167652,-0.21054493,0.17068514,0.36319402,-0.46207327,0.09448339,0.037122633,0.41308004,-0.3611833,-0.11995725,-0.38437137,0.31434113,0.02270209,0.009745153,-0.34380507,0.4421527,0.26826912,-0.119766675,-0.09118464,-0.45648867,0.35373628,0.24391481,0.5019237,0.19214319,0.24110474,-0.32358634,-0.27853584,-0.39873567,
0.2818642,0.26513362,-0.017318625,-0.3658649,0.15198229,-0.1401489,0.33622038,0.27057868,0.39417836,0.49673924,0.15319507,-0.17707229,-0.017146347,0.34914994,-0.36490986,0.23978963,-0.47513133,-0.2449455,-0.0184444,-0.45064667,-0.36787128,0.27173513,0.086792886,-0.05723915,0.4523822,-0.4558713,-0.24906039,0.05219951,0.23771392,-0.40900567,
-0.28085846,-0.39543208,0.04938715,-0.3056895,0.077696815,-0.17139784,-0.2744995,-0.20319936,0.15757513,-0.3915021,0.32866117,0.059903104,0.47960874,0.08540607,0.28179303,0.23384033,-0.22772685,0.20860305,-0.17953447,-0.19869,0.48773172,-0.23455112,0.16944516,-0.5088302,-0.46335274,0.0104517145,0.3309607,0.2560413,0.06688751,0.25455686,
-0.11715053,0.31173956,-0.38461596,-0.25368214,0.5169206,-0.14554799,-0.39346862,0.4781069,0.026502304,-0.30964112,-0.25520453,0.30796662,0.33373034,-0.24673462,-0.37527215,0.26815692,-0.3277148,0.017259264,0.41012612,-0.2913678,-0.22266261,0.44504124,-0.18603866,-0.3096007,-0.2616822,0.021927409,0.3752269,-0.5110878,-0.38515177,-0.39846742,
-0.3808231,0.424651,0.46631855,0.054111283,-0.123459555,-0.2340886,-0.34314847,-0.42923623,0.36010975,-0.4782061,0.38212794,-0.029152844,-0.4923154,0.29422778,-0.301583,-0.056129657,-0.2529466,-0.050390445,0.04024019,-0.14670439,0.15232444,0.41285992,0.18804921,0.47559622,0.017201427,-0.10295039,-0.2029077,-0.29747447,-0.33092618,-0.059333507,
0.4789443,0.4059124,-0.43267825,-0.19246669,-0.0339678,-0.39938655,-0.18323864,0.1606035,-0.44005716,0.14368418,0.49297652,-0.3519514,-0.14346622,0.18824583,0.21884632,-0.318375,-0.4274092,0.13190992,-0.2878423,-0.10510232,0.25747398,0.36436498,0.15153763,0.4718388,-0.2092166,-0.080564305,0.4005164,0.23569445,0.3206165,-0.48668283,
0.066611335,-0.22747049,0.32378823,-0.01059023,0.22164667,-0.17200868,-0.386712,-0.23272017,0.17971045,0.033214603,-0.38374943,-0.35612023,0.24859282,0.35181007,0.42727038,-0.05850354,0.059097912,0.30737272,-0.19350643,-0.15912023,0.47458643,-0.2442585,0.03876146,0.5047855,0.44645876,-0.17329536,-0.38499147,-0.25554234,-0.26232374,0.2721003,
0.3240206,0.25596756,0.32792777,-0.38211423,-0.29749498,-0.26064265,-0.3045392,-0.30217358,-0.06604839,-0.39825165,0.37949684,-0.25035787,0.22940587,-0.027425807,0.42463475,0.26659238,-0.21429695,-0.47669864,-0.3796268,0.4089475,0.22921178,0.059011646,0.28477427,0.44346702,0.11756522,-0.26030535,0.4899432,0.41761976,0.5089932,-0.29163033,
-0.47801936,-0.2977707,0.010573964,0.03669257,0.32358703,0.12969321,-0.22209546,0.18512273,0.41955084,-0.083778396,0.1199923,0.16376825,-0.49174207,-0.43903396,-0.17424938,-0.08116756,0.44056752,0.016178189,-0.3420076,6.9603935E-4,0.28469336,0.10629986,0.04784269,0.38230056,0.2832843,0.4723868,-0.13799521,0.16281936,0.09994934,-0.28156865,
-0.33839446,-0.5366794,0.030596193,0.07190944,-0.17116207,-0.004161005,0.029309109,-0.17595764,0.39426795,-0.41643894,-0.101636834,-0.3500839,0.048963178,0.37037954,0.03443689,-0.43251872,-0.26248744,0.22819193,0.30713397,0.30465877,0.29220632,0.50609195,-0.10145048,-0.22038776,0.23117042,0.453501,-0.46922058,-0.09586256,-0.21676068,-0.091275066,
/
-0.25877368,-0.4665128,-0.37104142,-0.045423474,0.118894935,0.4800521,-0.3896815,-0.025945956,0.31178966,-0.1312991,0.3184096,0.4097729,0.19092591,0.12146275,-0.0045564813,-0.37068424,-0.43399552,0.19441146,-0.06789538,0.25409496,0.14210498,-0.4765896,0.36770293,-0.49260643,-0.48997205,0.39006057,-0.48568726,0.21935906,-0.4555323,-0.24832909,
-0.38532344,0.23154262,0.23181853,0.018484151,0.25129777,0.35571784,-0.4667214,0.09723427,0.22765629,0.38779935,0.12749678,-0.13573977,0.29668084,0.13506448,-0.059767205,0.13249086,-0.20216747,0.2300647,-0.4582295,0.04868894,0.3948627,-0.0065095113,-0.43803412,-0.3914813,-0.325645,0.17068288,-0.07105856,0.16911179,0.1984164,-0.4370753,
-0.48918712,0.2153033,-0.10789214,0.37219557,0.13457023,-0.1241711,-0.12007048,0.1433845,-0.3351402,0.43008998,0.21174945,-0.057934877,0.11090286,0.11293754,0.30250594,0.06991289,0.20017551,0.01684469,-0.28864205,-0.07671613,-0.37151334,-0.3726093,0.14548588,-0.4622481,0.41084972,0.3101499,-0.3460584,0.23590359,0.39722592,-0.38156322,
-0.23467335,0.20646289,-0.24409805,0.029683642,-0.20304383,-0.25695258,-0.3003914,0.13385324,-0.45481014,0.34458247,0.45938247,0.3034636,0.160831,-0.4639764,0.39954054,-0.06705519,0.44723505,-0.26230308,0.26553398,0.06726722,0.029971516,-0.38063484,0.24441855,0.1035986,0.45312846,-0.036605604,-0.128881,0.25633302,-0.21749856,0.29510188,
-0.48300707,-0.14465286,-0.3311779,0.08309831,-0.27629003,-0.25470877,0.0012471683,-0.17083201,-0.23999241,-0.18119553,-0.10314904,-0.16121842,0.34487522,0.10195965,-0.21212317,-0.43612072,0.442557,0.36617056,0.049123265,0.22640577,0.019545283,-0.35297605,0.002652951,0.1000951,-0.28280365,-0.22578458,0.40473935,0.41309482,0.27070898,0.015653772,
-0.012983945,0.09394036,-0.3295859,0.11488154,-0.27987882,-0.35861072,-0.053596616,0.054850068,-0.27067736,-0.2254933,-0.3519346,-0.036268428,0.4280281,0.023865437,0.043485098,0.1739235,0.24266002,0.27576146,-0.44064376,-0.32218295,-0.29544237,-0.33816323,-0.252103,0.30201295,-0.2680686,0.18176605,-0.32655326,-0.37979856,0.1801328,-0.1622404,
-0.09850056,0.18528514,0.0057545807,0.28558475,0.032521203,-0.37602004,-0.39622965,-0.45161235,-0.3760253,0.36683056,0.45213285,0.4624998,-0.37184545,-0.11759731,-0.026929954,0.14841758,0.34525332,-0.36039925,-0.0147581715,0.38717738,0.21736598,-0.13732845,0.38059554,-0.068228684,-0.4302084,-0.37114593,0.2361636,-0.029139034,-0.056819316,-0.28448847,
0.496027,0.3039533,0.21967082,0.014379683,0.33250284,-0.13596882,0.10123568,0.11091995,-0.16034794,0.39624044,0.39126563,-0.19548514,-0.22933216,0.18542999,0.016961686,-0.071003206,-0.017618068,-0.40266046,-0.2696468,-0.36652374,0.095080204,0.04528487,0.20123246,0.35295823,-0.15855914,0.35611692,-0.30010468,0.4071004,-0.2885991,0.069721445,
-0.38549513,0.40967143,-0.4175645,0.1760474,-0.29473758,0.42549443,-0.40573615,0.005453063,-0.23885429,-0.21559486,-0.41963083,-0.07040318,-0.46193218,0.09398814,-0.3040081,0.07930213,-0.18361104,0.20409386,-0.41339073,-0.33134714,0.13035703,-0.33805355,0.16104528,-0.11507995,0.43321308,-0.20133458,0.26044503,0.16793843,-0.31623754,-0.33237123,
-0.28735584,0.13675264,-0.015215652,0.049027313,-0.32593116,0.13931166,0.0664764,-0.3302649,0.38710943,0.018532272,-0.18001938,0.29824942,-0.32023922,0.07995142,0.41869766,-0.35309783,0.43662322,-0.25291044,0.3609605,-0.46409145,0.4283448,-0.28629342,-0.27530748,0.33109027,-0.24768902,0.34140816,-0.4159765,-0.31945768,-0.3653684,0.462939,
0.12564905,0.15469816,-0.25933152,0.2848483,0.1753242,0.21354535,-0.32306978,-0.45423335,0.020513391,-0.28768307,0.04512161,-0.4783002,-0.08241896,0.052713253,0.47403198,0.38673908,0.46749535,0.27545837,0.39900228,0.1429282,0.062372275,-0.00949199,-0.4879637,0.43090498,0.3404167,0.4866447,-0.1250935,0.0635448,0.43406084,-0.0040427316,
-0.45270962,-0.042940214,0.053648144,0.3102815,-0.485409,-0.037370957,0.07230537,0.46141848,0.44641757,0.04359985,0.057014357,-0.31745607,-0.25277877,0.32085133,-0.33288065,0.3626658,0.32902133,-0.14314726,-0.0108979475,0.47241405,0.26250124,0.24473996,0.3072281,0.25722566,0.022025425,-0.31813148,-0.0052316985,-0.33384702,-0.33911777,-0.023331985,
0.13841808,0.40841118,-0.4760835,0.5050851,0.4845062,0.2666122,-0.15489703,-0.06766599,-0.5128171,-0.06302508,-0.32239372,-0.26297042,-0.14426272,-0.383919,-0.059390657,0.25117373,-0.14937355,-0.20459542,0.02794962,0.47299567,-0.04236681,0.19454877,0.29094973,0.105168216,-0.3916558,-0.3975088,0.054366425,-0.40879542,-0.3619946,-0.28818107,
0.01974075,-0.0963665,0.2368604,-0.15367846,0.1974564,0.44034863,0.32092217,0.12475051,0.3190231,0.30183923,0.026036635,0.10608213,-0.39334702,-0.15091,0.13489442,0.23980813,-0.07101901,0.31009457,0.13190846,0.026711348,-0.3840085,0.3992578,-0.40287036,0.14575064,0.024552494,-0.14802517,-0.2666389,0.06052161,-0.17745602,-0.0036467642,
0.4148685,-0.2607825,-0.10923033,0.005106701,0.030281695,0.29787388,0.35769033,-0.3315443,0.02202282,-0.16142748,0.046229117,-0.114367284,0.1797804,-0.06127461,-0.054371495,0.39682862,-0.3627272,0.39720896,-0.27545875,0.20150754,0.13438876,-0.052933205,0.16228722,0.35071656,-0.15854345,-0.33966184,-0.04571652,-0.07557929,0.09981835,0.3267479,
0.20926926,-0.29172042,0.15831815,-0.24024637,0.14869167,0.25959405,0.40374333,0.2113563,-0.27837354,-0.3657662,-0.48419893,-0.4372737,-0.20997165,-0.14027283,-0.42662472,0.05538275,-0.46595588,-0.10088802,0.39234155,0.1977491,0.25557208,-0.37293082,0.16240765,0.11719873,0.22558814,-0.26147467,0.41895485,-0.07921661,0.29468498,0.18179153,
0.34998065,0.11481977,-0.20704813,0.28917414,-0.1771528,0.08934341,-0.3691883,-0.12063354,-0.050333247,0.21931021,0.39526376,-0.1389843,0.0876123,-0.40874413,-0.06444335,0.108215384,0.3926484,0.23284875,-0.22693096,-0.18861903,0.074062,-0.33469635,0.40048197,-0.3723643,0.43709028,0.17439292,-0.05701283,0.48526192,-0.019067401,-0.15078054,
0.1812675,0.24910186,0.0048012463,0.07722044,-0.09377573,-0.0609267,-0.24030957,0.1381994,0.07462796,0.20154263,-0.116041206,0.088720314,-0.35116735,-0.46709347,-0.4039207,0.086458504,-0.15230338,0.33494127,-0.07897489,0.28762037,-0.35775638,-0.08918512,-0.054324847,-0.04021635,-0.34068877,-0.21857713,-0.34523112,0.24043433,-0.011133817,-0.2119416,
0.12249156,-0.28136295,0.35210356,0.031689793,0.0025479305,-0.22722594,0.11695616,-0.004158632,0.10641956,0.38244155,0.512951,0.20998454,0.006268209,0.08045938,-0.4567573,-0.25210196,0.37606865,0.24232194,-0.065471254,0.22936319,0.14466581,0.07183056,-0.47607648,-0.09156118,-0.0026806225,-0.008327363,0.30266124,-0.27066416,0.44581196,-0.20783864,
-0.008840351,0.35750312,-0.2810589,-0.07365284,-0.005021442,0.13270153,-0.03874789,0.4358902,-0.42870846,-0.26670134,-0.06525915,0.26409855,-0.4660967,0.24689275,0.113889344,-0.029743334,0.48858076,-0.4271978,-0.46580538,0.11181107,0.42625877,0.36576208,-0.237626,-0.025480384,0.25139293,0.24142392,-0.04562232,-0.1978884,-0.19329372,0.12498441,
-0.25601617,0.17496558,-0.10533333,0.31224898,-0.056119584,0.13165319,-0.06358362,-0.37606135,0.19578534,-0.09553036,-0.14935341,-0.023025127,-0.5036635,-0.42527467,-0.058559973,-0.046614584,0.34635922,0.05935272,-0.29515654,-0.2738514,0.24312206,0.09711324,-0.4079229,-0.31705934,-0.32018304,-0.24530223,-0.011500646,-0.30228758,-0.41399533,-0.23566173,
-0.4372204,-0.029334148,-0.4112192,0.057269648,-0.08052222,-0.0247878,0.39294955,-0.12481492,-0.4025615,-0.33697352,-0.19227365,0.2763086,-0.45213833,-0.071814425,-0.47015622,0.42830372,0.3563076,-0.03231518,0.42974785,-0.15397982,-0.039071724,0.34446618,0.14905451,-0.06674482,-0.42696738,0.4010995,0.003914768,-0.39042166,-0.3364395,0.15425266,
-0.076298214,0.4509677,0.32762486,-0.11949009,0.48336095,-0.039178025,-0.37980396,0.23635551,0.36609206,-0.41994607,-0.22435266,0.29135063,0.16472979,0.14684126,-0.2814698,-0.41552532,0.2465167,-0.043132376,0.14974503,-0.26264367,0.4282367,-0.01264062,-0.14561185,0.27513793,-0.33234122,0.17784113,0.13768773,0.22383223,0.1363516,-0.43848503,
0.1242951,-0.21732518,0.43704373,0.2595327,-0.26183453,0.18982337,-0.031595968,-0.18817739,-0.16612336,-0.47645828,-0.13338608,-0.31103152,0.14735442,0.41450378,0.35904774,-0.03400291,0.5059071,-0.4676126,0.3396386,0.058787275,-0.43793806,-0.09901621,0.18559258,0.37499154,0.17397971,0.35827583,-0.26513413,0.076295204,-0.4946249,-0.28703883,
-0.35761905,-0.13880973,0.2933502,-0.27910283,0.2980855,-0.28716272,-0.38661388,-0.1507058,0.19345793,0.016328903,0.04991021,-0.009458086,-0.44596162,0.27288654,-0.14681605,-0.16962469,-0.015937727,-0.34738368,0.122397065,-0.18374076,0.37242693,-0.124805905,-0.45820984,-0.11188928,0.046319254,0.26194677,-0.1828469,0.24802639,0.29915363,-0.3364003,
0.4326569,-0.4945481,-0.24562484,0.03950291,0.1075051,0.10143439,0.011093308,-0.48643044,-0.024792535,0.1505181,-0.4558609,0.1905466,-0.42912456,-0.42986384,-0.4177507,0.09850442,-0.018500712,0.38130683,-0.1700128,0.4767914,0.06472307,0.2425315,0.32894936,0.03570279,0.45042425,-0.053070333,-0.10040309,-4.6506384E-4,0.5115534,0.32814887,
-0.21002236,-0.31196794,0.13889472,0.07620187,-0.31497645,0.4592659,0.51286423,-0.38751873,0.15320362,-0.38406453,-0.39153343,0.013291,0.18539067,-0.45380655,-0.3486209,0.39147544,-0.34432337,0.20686123,-0.3594734,0.07582106,-0.22220796,0.19391514,-0.12828095,0.068173006,-0.018137198,0.45678106,0.38763618,-0.11586702,0.096528366,-0.3122975,
-0.44872662,0.002237592,0.38472337,-0.44980332,-0.2114081,-0.3425902,-0.31203493,-0.40069622,0.203061,0.17180212,-0.4287702,0.27895352,-0.264263,-0.30215034,0.14512919,-0.23446035,0.049229756,-0.32570314,0.14570944,-0.12134457,-0.07140992,0.23789388,0.26633695,0.39658684,0.012385791,0.15308988,0.39742774,-0.3418501,-0.39472187,0.29195353,
0.17330475,-0.08952875,0.15142983,0.44620112,-0.47962856,0.3768376,-0.36963168,0.08047741,-0.25877008,0.26754457,-0.16394241,0.32925352,0.2931586,-0.079280026,-0.065839216,0.3305372,-0.025922533,0.45706424,0.1020063,0.45300144,-0.3855303,-0.3246373,0.29130706,0.40579718,-0.04472207,0.26272213,0.24515226,-0.3173758,0.32468036,0.26089638,
-0.19132206,-0.27106777,0.34712183,-0.0058758194,-0.34138563,0.11829644,-0.18423723,0.47864416,-0.41543722,0.0049377177,-0.16208674,0.07712005,0.31461555,0.060396533,0.23051147,-0.32518438,0.37501225,0.4268863,-0.3559777,-0.19586456,0.40314803,0.41203403,0.31818753,0.07876257,-0.018476695,0.2918642,-0.49169,0.3031518,0.35903525,-0.47068167,
/
0.41207334,0.39112103,-0.354345,0.48534742,-0.22259392,-0.42102844,-0.39366043,0.20112272,0.24735765,0.1939845,-0.3495365,0.44534582,0.44683015,-0.37322053,-0.24282853,-0.28183624,-0.46584168,0.15517265,0.23728473,0.18785974,0.21691765,-0.11784371,0.15556958,-0.30133083,-0.13539097,-0.32977754,-0.05286648,-0.10354765,0.10957055,-0.4783088,
0.244269,-0.16689295,-0.27576825,0.35995993,-0.020393778,-0.099766396,0.44143736,-0.23125462,0.25038323,-0.070833154,0.3596861,-0.13308668,-0.27663675,0.14543332,0.36623257,0.14690165,-0.2679713,0.36843294,-0.27174893,-0.42693374,0.17565544,0.252269,0.3019098,-0.26043394,-0.26728043,-0.15674035,-0.06849631,0.0136808,0.1539734,-0.43107212,
0.018022634,0.1292315,-0.1482435,-0.027217971,-0.35059786,0.49308014,0.19278352,0.08110469,0.35886115,0.23334303,-0.25941536,0.25092888,-0.05058686,-0.056060694,0.32534206,0.058824997,0.25495255,0.33853415,0.328112,0.34763485,0.3343915,0.026941806,-0.29548532,-0.20503691,0.22650464,-0.16704252,0.08663498,-0.34851068,-0.070135385,-0.32300615,
0.30146593,-0.44671166,0.33302256,-0.31783825,-0.52863884,0.021427786,0.09058598,0.056802247,0.46350658,0.082073964,0.40612864,-0.017114297,-0.23414052,-0.08066452,-0.06718698,0.2507711,0.45560417,0.051747803,-0.14583193,0.20740429,-0.06844824,-0.21661112,-0.44261995,-0.1459448,-0.2586549,0.042645607,0.40976596,0.22815168,-0.422926,-0.012608732,
0.21786147,0.00426523,-0.17486961,0.25993213,0.2248613,0.34559935,-0.41005912,-0.18374239,-0.46783188,-0.33874273,0.41851848,-0.2454671,0.4543123,-0.23751926,-0.34774795,0.49845946,0.41392276,-0.3673578,-0.18840884,0.053686965,-0.3262797,0.07110788,0.19891785,-0.006760301,0.39991102,-0.20647642,0.1525892,-0.300025,0.29219568,-0.006690388,
-0.12309977,0.36873618,0.43554926,-0.18334594,0.16543451,-0.18280593,-0.3922572,0.18559739,-0.2238194,-0.32689962,-0.4086653,0.058510255,-0.0109290965,-0.16806152,-0.11887384,0.12897597,0.43454644,0.3666177,-0.006410157,0.23455264,-0.38940275,0.066536725,0.1330237,0.18337019,-0.2700818,0.14472304,-0.51560897,0.3943981,-0.102811925,0.18931392,
0.0086114155,-0.028069386,-0.25709206,-0.05428003,-0.45585862,-0.32025737,-0.22913907,0.22165798,-0.017606724,-0.08450629,0.18927959,-0.3560995,0.3785013,-0.12279787,-0.1145303,-0.034411915,-0.3655689,-0.15957806,0.5190758,0.37517098,-0.3713867,0.15991141,-0.05603362,0.20374438,-0.45093694,-0.13982369,0.027752055,0.3680188,-0.07548842,0.08255621,
0.04295003,-0.10807912,-0.37436575,0.24919063,-0.06320797,-0.36768168,0.38011578,0.32985607,-0.18980265,-0.025564296,0.3283503,-0.48075554,0.23389156,0.16045077,0.032212663,0.2953117,0.13476576,0.39865583,-0.026283065,0.4674113,-0.43810776,-0.2236307,-0.18307729,-0.28658333,0.41773665,0.29495493,0.24165875,0.04278238,-0.12082578,0.05879411,
0.15686105,0.41038096,0.3735548,-0.21428335,0.29398715,-0.02716532,0.45439693,0.46957114,-0.10052308,0.14771149,0.12405803,-0.07482326,-0.27841467,0.29807726,-0.11253871,0.38627106,-0.26981434,0.4089951,-0.122354604,0.34639582,-0.1617791,-0.50832933,-0.4908973,-0.057755884,-0.3942529,0.5047609,0.2716352,0.11712378,-0.35594055,0.3511654,
-0.10560022,-0.22477862,-0.24986625,0.21387742,-0.22174762,0.20095031,-0.29437605,-0.14724304,0.38106042,0.16888651,0.30278024,-0.26252076,-0.2728662,-0.2715736,0.2750455,-0.09881502,-0.15306048,0.06311109,-0.43535927,-0.44751367,-0.081801586,0.4411964,-0.13041182,0.24863741,0.39473987,-0.14520289,0.20472425,-0.17299633,0.017740753,-0.10706912,
/
-0.11717336,-0.06478533,0.1828134,-0.043418616,0.05054132,0.15386966,0.056796715,0.12745512,-0.05768349,0.19292012,
0.0315775,0.04741257,-0.21235539,0.07315237,0.03077694,-0.2324689,-0.20489122,-0.13985772,0.062630504,-0.11177829,
-0.08642564,-0.09511525,0.04652042,-0.05552594,0.033244446,0.081664994,-0.26392666,0.20007567,-0.07552342,-0.016753362,
0.034075666,-0.0034675188,0.16298236,-0.19772805,0.11036731,-0.11025825,-0.07231335,0.07714068,0.030201044,0.031390514,
/
