#84
0.17792444,-0.031457845,0.08898329,-0.3598857,-0.3433623,-0.4518888,-0.31485495,0.0075505706,-0.39884198,-0.03419116,0.3890073,0.39464933,-0.25644732,-0.3826086,-0.46940833,0.33400005,-0.16363113,-0.09927785,
0.12071703,0.32503912,0.35214967,0.28455174,0.051484082,-0.43083027,-0.07502781,-0.3513763,-0.34375718,0.16358086,-0.08493897,-0.086702436,-0.09291282,-0.24161594,-0.12689781,0.21143727,0.4223753,-0.31209973,
-0.3154818,-0.46105084,-0.06043319,-0.24363796,0.13447501,0.42875212,-0.2480939,-0.44056967,0.046898983,-0.3694938,0.01266537,-0.3839554,0.34557638,-0.40217522,0.32581684,0.4786528,0.17546102,0.31225827,
0.36815313,0.23492037,-0.40056616,0.13047473,-0.025846528,-0.1736586,-0.1462517,0.33291557,0.16843951,0.35552868,0.3775755,0.30305308,0.40384227,0.24179395,-0.16787164,-0.06992714,0.25885773,-0.46269608,
0.013097926,-0.25414068,0.4796444,-0.26008007,0.30004856,-0.4490894,0.23312415,-0.26414075,-0.05390559,-0.37070507,0.24004377,-0.26851144,-0.3644249,0.46690735,0.053348336,-0.02083847,-0.15710002,0.15010074,
-0.22036703,0.37401336,0.20171972,0.32494846,-0.21844646,-0.40535024,-0.3329214,0.41878965,0.024749376,0.25006947,0.56291187,-0.3598048,-0.09445329,-0.18442765,0.45399672,0.3462655,-0.4578395,-0.01167862,
-0.2160464,-0.22424334,0.019752836,0.3908747,-0.25912526,-0.49381408,-0.3217453,0.14193697,-0.058155324,-0.39703643,-0.31525853,0.08085999,-0.31880647,-0.38481396,-0.0039606676,-0.34310025,-0.17294092,-0.1336077,
-0.1623445,-0.2710987,0.2501636,0.29131052,-0.24790144,-0.25084078,-0.14896394,0.22325797,0.040220525,-0.059235957,-0.3118055,0.26035127,0.2291554,0.003569904,-0.19851463,0.41062394,-0.36411998,0.5576153,
0.2069497,0.25080287,0.010240887,-0.48926544,-0.3562532,-0.2715009,0.38107157,-0.04762382,0.039507292,0.18619587,-0.0074669537,0.4587314,0.35364556,-0.29830492,0.036509927,-0.527955,0.028278345,-0.3076021,
0.25556806,-0.023241874,-0.05160908,-0.3444636,0.4221703,0.30122307,-0.15593998,0.006689756,0.27085185,-0.2168033,-0.32527417,0.17198284,-0.14014713,-0.3996325,-0.5269323,-0.36897373,0.048631776,-0.07903592,
0.106223494,0.40643483,-0.47651005,-0.15598854,0.2487923,0.37745562,0.27609143,0.40645826,0.096521445,0.06793493,0.24263456,-0.013092527,-0.3904051,-0.29843011,0.4590946,0.1750936,0.25241455,-0.4494535,
-0.12883765,-0.10131975,0.26014653,0.3635366,-0.09673742,0.20223446,0.08298572,0.054605823,0.52237296,-0.3668012,0.33793446,-0.29859722,0.1405482,0.43375778,-0.06981703,0.2829523,0.21952575,-0.04661853,
-0.08241296,-0.103586756,-0.33380485,0.06717102,-0.18303949,0.006397061,0.3748587,0.33613312,0.059022322,0.024067895,0.17938437,-0.06864558,0.1285431,-0.049770698,-0.36607715,-0.51080513,-0.26955178,0.061754487,
-0.42023098,-0.21553273,0.06570875,0.03791988,0.28367192,0.0106756,-0.31250572,0.4828624,0.32251295,-0.3121452,0.053305503,-0.22657847,-0.4196998,-0.06407655,0.27251363,-0.006996105,0.080401294,0.15491337,
-0.3228512,-0.32811207,0.040472787,-0.44273055,0.32767108,-0.17905302,-0.0025251263,0.25821954,0.45966443,0.21719441,0.27285042,-0.1394651,-0.15871888,0.028798496,-0.556346,-0.36686596,0.07932676,-0.15046284,
0.19051594,0.06657536,-0.058224414,0.06225472,0.30380738,0.43645254,0.28664237,-0.41240227,0.3589934,-0.08643731,0.027478008,0.13758342,-0.21009542,-0.18326844,-0.1274408,-0.35830477,-0.53320336,-0.2436548,
0.45506212,0.37511498,0.12358232,0.16270214,0.07409262,-0.37957948,0.31098682,0.1298073,-0.07671879,-0.386548,-0.4220716,0.23067993,0.509867,0.43864152,0.18891364,0.15325046,0.13897842,-0.39921215,
-0.36557537,-0.37332684,-0.092696756,-0.15715015,-0.18573262,-0.34060296,-0.50381124,-0.30779967,-0.16790229,-0.07584457,0.039152663,-0.41279215,-0.20098379,0.046338268,0.2931143,0.027714424,-0.17848772,-0.14430457,
-0.14686547,-0.28445953,0.29437712,0.44753742,0.11776103,-5.1855436E-4,-0.2769435,-0.03287801,-0.12757087,0.021400664,-0.38836974,-0.18060704,0.21916766,-0.009028709,-0.3985287,0.50690013,-0.5380636,0.12310317,
0.31625113,0.25723618,0.21226823,-0.13747999,0.22497196,-0.4322058,0.22075248,0.0041894694,0.11193041,0.2883271,0.40464875,0.47520062,-0.2977042,0.44028988,0.032824915,-0.017530093,0.3361062,0.4601361,
-0.2009507,-0.18888433,0.01611498,0.16877471,0.14959694,0.2837295,-0.13317265,-0.16070266,0.37727863,0.093880475,-0.15621783,-0.34394684,-0.20892519,0.063303344,0.104249336,-0.24221927,0.5808577,0.2714664,
0.4438065,0.38578048,0.33378848,0.21019518,0.19677807,-0.28313908,-0.44533023,0.18801922,-0.1664014,0.23860009,-0.15878893,0.5348561,0.21768568,0.33594444,0.42472807,0.0061021238,0.3562291,0.3632736,
0.03615639,-0.39440992,-0.406802,-0.10204265,-0.116901554,-0.39566502,0.18155472,-0.39720732,-0.31797493,0.2186062,0.19389139,-0.23052205,-0.37279922,0.0611627,-0.40751344,-0.200698,0.286188,-0.18506141,
-0.36430562,0.0011143215,0.095532775,-0.46924657,0.43664077,0.1775697,0.018716574,-0.4418091,-0.165377,0.23665111,-0.38306555,-0.079298005,-0.3662553,-0.2372858,-0.09467043,0.19868606,0.3460696,0.39645687,
0.12208589,-0.38465413,-0.11395924,0.42865834,-0.44548735,0.0031562806,0.45738924,0.2013466,-0.38360748,0.323114,-0.26688966,0.3203542,0.32759812,0.06002853,0.22455485,-0.10481005,-0.196157,0.13101341,
0.11298868,-0.3539191,0.4646929,0.5293449,0.4219909,-0.24850109,0.5322267,-0.14907026,-0.17999525,0.37936625,0.035149872,-0.25622123,-0.011319837,0.18032321,0.41100836,-0.14957857,0.1840893,-0.11207731,
-0.41185638,0.053980056,0.35983667,0.10600328,0.26265723,-0.038728092,-0.36479357,0.41331193,0.27601266,0.3018084,0.17261958,0.45916915,0.41370183,-0.096197665,0.24480592,-0.48757517,-0.373384,-0.15926613,
0.020545077,-0.45595595,-0.104901165,0.037886057,-0.34597415,0.36486065,-0.12336217,-0.13574599,-0.2536359,0.47998345,-0.3837895,-0.20029888,0.21115848,0.37732807,0.27080414,-0.04411538,-0.01875415,0.29147097,
0.32900056,0.30894613,0.38300285,0.24808264,-0.06758099,0.2659439,-0.18819635,-0.4497858,0.47028804,-0.27329576,0.23622218,-0.080193974,-0.46557587,0.034287017,0.28891528,-0.4594745,0.22489035,0.2531684,
0.36869177,-0.35731965,-0.030111352,0.07889005,0.23497641,-0.12976548,-0.16506201,0.12089782,0.41473356,-0.22841509,-0.35642853,-0.06397582,0.47193632,-0.5104415,0.0013782503,-0.035362057,-0.04249557,-0.2550539,
/
0.28912207,0.0064537567,-0.12807815,0.20723788,0.38251817,0.24065132,-0.025802191,0.14551951,0.29130822,0.3820889,-0.5011793,0.25087836,0.4567525,-0.33685347,-0.2423759,0.4677985,-0.20808885,0.48747945,-0.19228901,-0.13342814,0.18420812,-0.41266465,-0.45854452,-0.10124408,0.024774376,0.037375685,0.1638386,-0.018280307,0.28994894,0.3848723,
-0.3809284,0.07126661,-0.31773275,-0.06994144,0.27584285,0.37693542,-0.5091455,-0.05290509,0.27075693,0.041505728,0.18925804,0.02464253,0.46386054,0.37710735,-0.27553135,0.39491767,-0.034552187,0.10395965,-0.3288533,0.51334023,-0.22954732,0.5368398,0.44179323,0.17201951,-0.17984998,-0.20781618,-0.09991206,-0.060238738,0.13364823,0.48526594,
-0.27954638,0.469815,0.20136882,-0.39014718,0.22818829,-0.30396158,-0.461907,0.4102706,0.17266405,-0.25430366,0.20096815,0.06741671,0.30046389,0.05339819,0.3390352,-0.21984486,0.2177861,0.43954846,0.15473488,-0.24398533,-0.051657848,0.42609215,-0.3414549,-0.18316312,-0.15408644,-0.28608,0.2504921,-0.2882023,-0.50383496,0.3628545,
-0.14118376,-0.19698967,0.34319735,0.42706585,-0.20174074,-0.23764017,0.16116385,-0.07613795,-0.2824439,-0.088056795,-0.03513502,0.105895326,0.01497949,-0.31505668,0.47677046,-0.19159433,0.5317834,-0.4104321,0.12395156,0.21861419,0.16432399,-0.06420472,-0.36938047,-0.4915579,-0.21402329,-0.22443475,-0.2759484,0.112461306,-0.054557543,0.20295884,
0.15441433,0.07776991,0.38038465,0.23806661,0.0363791,-0.06978878,-0.08048862,-0.060413923,-0.0066368426,-0.055421736,0.38869554,0.10725969,0.30693957,-0.4873257,0.08315581,-0.21909696,-0.14804043,-0.48680776,-0.36733693,-0.017942179,-0.2235698,0.13700883,0.03876301,0.064526595,0.09365211,0.19810155,0.3658564,-0.040327072,-0.1098384,-0.112685524,
0.33698958,-0.50776935,0.19287293,0.22783044,-0.28915462,-0.18101361,-0.28039214,0.4896021,-0.062037263,0.43823463,-0.029023137,-0.1983493,-0.21998806,0.21594125,0.4173303,-0.33739102,-0.3766524,0.42407134,0.22374912,0.03140625,-0.21793078,0.16683911,0.27865973,-0.011731019,-0.032528356,0.22305802,0.14314073,-0.2900553,-0.52491534,0.17357783,
0.24380231,-0.21349394,-0.42068967,-0.43135232,-0.19014722,-0.0033956997,0.064539276,-0.023469586,-0.4301251,0.11686726,0.4542477,-0.38891342,0.25083902,0.47583356,-0.19346315,0.18321833,-0.21492976,0.47811547,0.2629518,0.34626928,0.32338494,0.4031318,0.22266601,0.026894223,-0.34881288,0.03506538,-0.016454438,-0.08062207,0.22280107,-0.44000924,
-0.118001826,-0.25609702,0.38860312,-0.042728394,-0.34760857,-0.13992585,-0.41296962,0.26952797,0.24378394,-0.23599552,-0.029447582,-0.14654703,-0.04220563,0.006733076,-0.04289999,0.1861007,-0.1902508,-0.20184077,0.01818977,0.07422838,0.44206974,-0.0067386674,-0.35196683,0.2714288,0.15982315,0.4283225,0.2899504,-0.18568356,0.28690246,-0.13861804,
0.4127941,-0.27591833,0.2857125,0.45289305,0.07329933,-0.30722553,0.48687956,-0.47768673,0.3473291,0.18313949,-0.24592517,0.03740247,-0.27661115,0.33967695,0.3418615,0.25508496,0.21320778,0.36602053,0.36757874,0.13934147,0.043009475,0.22462851,0.21276219,0.4551051,0.02065695,-0.14360231,0.017275471,-0.37071168,0.25067803,0.4374731,
0.32666185,0.19905324,0.37522596,-0.19522081,-0.49715143,0.50446725,-0.4271477,-0.4472966,0.38672653,-0.425689,-0.11293079,0.20009615,-0.33187047,-0.16750804,0.2178825,0.41191247,0.3110225,-0.3786218,0.4447449,-0.07329746,-0.077350475,-0.025423784,-0.2334315,0.0070455824,-0.033821136,-0.034280125,0.06278958,0.21159394,-0.17918675,-0.17665936,
0.5008846,0.1530852,0.3233969,-0.22513914,-0.15433954,-0.14894311,0.4087191,0.43509632,-0.4658154,0.42554143,0.15561472,-0.12808861,0.36453107,0.09484474,0.18899785,-0.050474983,-0.18030564,-0.33592427,0.29388255,0.1638016,-0.2150928,-0.10988395,-0.40164056,-0.39292914,-0.4446263,-0.46284333,-0.4182069,-0.14651011,-0.24492878,0.15549718,
-0.069278814,-0.11113602,0.009185736,0.30420914,0.37776676,-0.57333744,0.34774357,-0.10013484,0.47751412,-0.10903601,0.34264952,-0.025577696,-0.4936939,-0.327782,0.37984252,-0.22157162,-0.082817964,-0.016399737,-0.42730904,0.29936755,0.07190141,0.07642835,-0.14639162,0.49494648,-0.4368441,0.43820837,-0.1842423,0.32305312,-0.44954768,0.36616176,
-0.017816994,-0.44434452,-0.42684636,-0.20357318,-0.3247692,-0.2906434,0.14468981,-0.36654997,-0.16320159,0.3680624,-0.45329058,-0.032998927,-0.41248885,-0.14044128,0.32742316,0.02060468,0.2951776,0.4581929,0.38220957,0.3603573,-0.22372374,0.023733903,0.3604832,-0.3483551,0.3062673,0.1799572,-0.11133567,0.4431906,0.099191956,-0.3067958,
-0.47313195,0.10483291,0.4646113,0.41172108,-0.41285387,-0.25166896,0.26150298,-0.3522692,-0.14398034,-0.49551243,0.31551644,-0.16016679,0.016913297,-0.33889487,-0.3267233,0.25000015,0.3060657,0.2669352,-0.34598118,-0.092354216,-0.039621133,0.39520946,0.38397014,0.13461763,0.13793972,-0.27244514,-0.17045416,0.113935426,0.32587034,0.03660162,
-0.31057802,0.45379806,0.55505306,-0.2620357,-0.046180155,0.04670496,-0.21369663,-0.17448151,0.30026805,-0.43215126,0.06351441,-0.3017691,-0.46961272,-0.1377393,0.22183724,-0.38106778,0.38168857,-0.043610066,-0.3623481,-0.41201523,0.14730044,-0.2721805,0.05639128,-0.10508004,-0.24055618,-0.35019875,0.013448656,-0.025072679,-0.016388442,-0.49557537,
0.34025756,-0.39853823,0.2856864,0.030627636,0.4023362,0.3058787,-0.3985717,0.065737195,0.07215673,-0.11730933,0.3836549,0.3232055,0.47938496,0.3761376,-0.09704492,0.3474908,-0.30971178,-0.34989518,0.24880442,0.46664473,-0.33876804,-0.16403568,0.19459485,-0.37444413,-0.498814,0.4235461,-0.38592428,-0.42454413,0.29702887,0.3172621,
0.47232848,-0.068930596,-0.053269036,-0.37260514,-0.39519772,0.42681354,0.30097747,-0.28590602,-0.46957332,-0.17727903,0.09000699,-0.41551593,0.43363768,-0.16754793,-0.18836105,-0.47138208,-0.08613075,-0.1482012,-0.056621984,0.17260428,0.31956425,-0.43533114,0.046691317,0.3115687,0.0413036,0.08019745,0.038304158,0.36867404,-0.07226957,-0.39987516,
0.058627076,0.23305951,-0.17547606,0.36030588,0.1512931,-0.3476415,-0.032155175,0.48408157,0.46534994,-0.052095562,-0.13728894,0.059226822,0.20911711,-0.4037217,0.08029732,0.17996456,-0.30817974,-0.41960606,0.28952473,-0.18090546,-0.33751467,0.011369614,0.3355715,0.16429214,0.104815796,-0.42076534,-0.37674084,-0.37552506,-0.23057313,0.2373154,
0.101051494,-0.40629834,0.35824564,0.50612307,0.092980266,0.52637506,0.4186113,-0.41165817,-0.34691182,-0.32866278,0.41056356,0.109196134,0.33963883,-0.3299764,-0.31038272,-0.2989513,-0.38233602,-0.077242605,0.31385043,0.14109339,0.22274625,0.35290143,-0.32240033,0.18664819,-0.3936108,0.058138542,0.11091826,-0.1845116,-0.08012054,-0.419706,
0.31102687,0.40329412,0.23731111,-0.3694405,-0.11973055,-0.4221584,0.0035558387,0.536601,0.11883735,0.2681269,0.10250384,0.29012692,-0.22633731,-0.13987026,0.06223098,0.37584016,0.06198514,-0.27872235,-0.32262376,0.20895539,0.104836866,-0.25855467,-0.049941942,-0.3877277,0.18135071,-0.45310017,0.26202646,0.46862182,-0.1995705,0.39384052,
0.41808122,-0.020768717,-0.44779444,0.45284542,0.16178142,-0.41388595,-0.15568809,0.09568962,0.4733406,-0.38533577,-0.27317062,0.18735926,0.41063678,0.059217766,-0.035230026,0.053011227,-0.031186152,0.24579297,-0.26299116,0.43865103,-0.48342657,-0.1101509,0.35882375,0.45621112,-0.2228287,-0.18486388,-0.101465315,0.45175058,0.045017097,0.2953681,
-0.34371513,-0.5108607,-0.38885772,0.13982883,-0.103967264,0.120238446,0.1949028,-0.3628692,-0.120980486,-0.31679943,0.01577358,0.36629564,-0.33443245,-0.072322674,0.25866234,0.16964982,-0.25715476,0.13258472,0.12828112,0.31587967,-0.14184849,-0.47780764,0.39656863,-0.020971859,0.39796427,-0.07547011,0.29318985,0.13065396,0.11261589,-0.46102384,
-0.48273966,-0.16859898,-0.43759993,-0.3899875,-0.38991225,0.35682887,-0.37108654,0.41360277,-0.06538122,0.17576839,0.15104462,0.003530925,-0.23879635,0.36408085,0.47479397,-0.31998143,0.26450017,-0.33651376,-0.17867276,-0.06602481,0.052159876,-0.34365034,-0.25233305,-0.03489044,0.35591954,0.3202583,0.2828255,0.27570948,0.2646353,-0.21220024,
0.34257945,-0.012465056,-0.25490826,0.35087618,-0.04544548,-0.02018432,-0.04809529,-0.39602038,0.015575983,-0.21170278,0.29416746,0.36517274,-0.20748676,-0.2584431,-0.28523618,-0.3507815,-0.06347686,-0.034317315,0.48108938,-0.038438596,-0.27738485,0.15963286,0.31128773,0.3416901,0.12274245,-0.071209796,-0.058077365,0.18673734,-0.41968283,-0.22185378,
0.44435865,-9.4708876E-4,0.2904429,-0.32240593,-0.20481904,-0.4025645,-0.22902794,0.2953108,0.39842016,-0.3320343,-0.41015902,-0.0929241,0.068664655,-0.046976488,0.0341832,0.09811032,-0.040612526,0.09293528,-0.28200924,-0.25453952,0.10720572,-0.43235907,-0.10870893,-0.33841848,-0.08728102,-0.14909698,-0.053515207,0.35371673,-0.41910478,-0.23411313,
-0.11282753,0.3681073,-0.47327226,-0.20427915,-0.37413993,-0.061035823,0.09380121,0.0338071,0.23024572,-0.4178317,-0.2837838,0.08583429,-0.061986312,0.27377748,0.4820226,0.26158473,0.030327894,-0.36380595,-0.21243209,0.28048292,0.17930348,0.44083318,0.36734644,0.2005443,0.17574549,0.31845587,-0.03451406,0.37433535,0.21070649,-0.06759427,
0.014730286,0.28835148,-0.029888017,0.024391461,-0.09809532,-0.29755142,-0.08221797,0.45100743,-0.48887584,0.3975246,-0.38795006,0.049892526,-0.116904825,0.024271667,0.09540841,0.4234212,-0.4234401,-0.2600663,0.44467008,-0.13589473,0.19350494,0.03017043,-0.4182345,0.338852,0.04589741,0.19329,-0.12967116,0.3131885,0.1437502,-0.49766737,
0.1456469,0.21754867,-0.5671851,-0.3715053,0.43000713,-0.26596993,-0.39971048,0.057511576,-0.2422652,0.39052266,0.13259853,0.269313,-0.39405352,-0.15690143,0.45233127,-0.420832,-0.271916,-0.44434804,-0.37940153,-0.07769725,-0.33465973,0.315201,-0.46681836,0.091578886,-0.38330325,-0.08042314,-0.1857502,-0.26645762,-0.16839273,0.037980046,
-0.42583925,-0.00780138,0.2460648,0.1751226,-0.2127511,0.15020281,0.3996196,0.25183663,-0.31482476,-0.4352565,-0.42630172,0.36961588,-0.3210661,0.29375356,-0.43215796,0.049071696,0.42058906,0.21497096,0.44867432,-0.0517372,-0.027259272,-0.19130841,0.0384287,0.21587777,-0.14184181,0.22216417,-0.47360107,0.15062812,0.37696522,0.08840448,
-0.07541806,0.016070245,-0.36800393,0.18208443,0.13085455,-0.13686411,0.02677483,-0.31424662,-0.06574524,-0.07433828,0.37906876,-0.46403858,-0.17481725,0.23534356,0.23856962,-0.012122901,0.3748986,-0.029867416,0.41905892,-0.47390655,0.21945095,-0.37004116,0.0023908755,0.18827991,0.30244237,-0.5577493,-0.33494717,0.26137277,0.29586926,-0.44317138,
/
-0.16312607,-0.32344544,-0.27198023,-0.2838929,0.17787914,-0.39463386,0.017912295,0.04705775,-0.13142826,-0.16793716,0.36038232,0.43489373,0.19625868,-0.32451984,0.3594726,-0.28959787,-0.4271915,0.362957,-0.3928346,-0.041665144,0.041509643,-0.21983549,-0.09680722,0.081536695,0.28421077,0.40504113,-0.207828,0.016697573,0.29820502,0.3222956,
0.2112756,-0.27816823,-0.3138987,-0.40725708,-0.14355092,-0.42754757,-0.34818572,0.061447978,0.33340207,-0.080103725,0.04552252,-0.39077935,0.42152748,-0.2996447,-0.33487788,-0.43523404,0.18971471,-0.1754847,-0.39532578,0.05589767,0.426914,-0.39181954,-0.005553138,-0.14349884,0.2379557,-0.28729045,-0.3781142,0.36380675,-0.37383765,0.2566705,
-0.302266,0.2517463,-0.43246076,-0.12895148,-0.39590663,-0.040137883,-0.24611859,-0.06697319,-0.32714173,0.075858064,-0.3843456,0.062276002,-0.26213622,-0.27739224,-0.23741956,0.13230406,0.38707244,0.22887687,0.06322235,-0.30899078,-0.06382025,0.23869605,-0.41691378,0.23480421,-0.35898304,0.19716525,0.29619256,0.1309267,-0.39443755,-0.19939983,
0.07379743,-0.41696385,-0.4800728,-0.24848801,0.24003057,-0.35497192,-0.41722822,-0.30613852,0.3613064,0.22152558,-0.30439928,0.37519366,0.16389091,-0.09132678,-0.41328686,0.292357,0.11535677,0.07974099,-0.3009703,0.24874781,-0.4499902,0.09986384,0.40487358,-0.50120085,-0.15482633,0.2955777,-0.27973774,-0.24280816,0.2687188,0.13376613,
0.2312263,-0.1272252,-0.27132505,-0.32553345,-0.07829776,-0.48231956,-0.33391953,-0.053118356,-0.42418978,0.16503546,-0.3293703,0.44163364,0.29806137,0.16387059,0.04505067,-0.46233863,0.333751,0.3244458,-0.22557342,0.074298635,-0.30694953,0.44326198,-0.344449,0.35926682,-0.18699123,0.037865404,-0.1283861,0.23557419,-0.2708115,0.24368206,
0.42917943,-0.39849392,0.40544856,0.27259314,-0.2572524,0.31418997,0.4233047,-0.38153112,-0.0062097046,-0.31057343,0.53990704,-0.16349229,-0.22619794,-0.09915531,-0.16466248,-0.336702,0.47708797,-0.16021647,0.30026066,0.4297129,-0.074624464,0.2744266,0.23794386,0.46440604,-0.033586122,0.08713591,-0.17083946,0.48284167,0.437982,-0.18031107,
-0.029729517,0.5008292,-0.48401237,-0.24469955,0.21967283,-0.40148607,0.07807977,-0.23046608,-0.2866554,0.17539105,-0.08624788,-0.2867306,0.34725145,-0.4470731,-0.0078087244,-0.3922527,-0.41084296,-0.10674702,-0.434384,0.20969853,-0.08875519,-0.2767263,0.030527044,-0.3276631,-0.2954327,0.1582275,0.072805695,-0.24592566,-0.2974621,-0.4291861,
-0.1969472,-0.24451122,-0.114756525,-0.15597513,-0.24983668,0.47701567,-0.2436221,-0.4830895,-0.4730306,0.47215068,-0.17157738,-0.22707096,0.17156589,0.12679367,0.4521239,-0.098526664,-0.40880415,0.37785324,-0.3467924,0.21998094,0.3525682,-0.45797643,-0.22111934,0.40228382,4.632539E-4,0.3050193,0.13636965,-0.1322733,0.203137,0.4578731,
-0.18643452,0.27969903,-0.27736747,-0.2973026,-0.18882515,0.005242674,0.2808455,0.20399073,0.08740851,0.095441446,0.24082911,0.32961023,-0.12399731,0.28347751,0.13599303,-0.50703317,0.36045066,0.29551336,0.23791255,0.39821056,0.47936824,0.43937266,-0.18623641,-0.29562947,0.32289854,-0.061219245,-0.08068941,-0.4579553,0.050376046,0.40260753,
-0.18264268,0.40216777,0.1897553,-0.19024172,-0.47725937,0.06138898,0.32016554,0.0111906,-0.42688772,0.06631731,-0.25361755,0.12111883,-0.2564687,0.38887134,0.3465161,0.46598244,-0.13380001,0.10781507,-0.46693978,0.2784298,-0.19391756,-0.26993746,-0.33714494,0.15167744,0.09037002,-0.50125396,-0.08353028,-0.35142642,0.017129133,0.4291725,
0.33079085,-0.15424357,0.1152212,0.07617522,0.4098417,0.11278602,0.17991443,0.40779218,-0.01925056,-0.35728937,0.056141537,0.49441496,-0.13843322,0.1093083,-0.040115926,-0.2754205,0.41452685,-0.13175336,0.010609183,-0.45762622,-0.4283924,-0.32706013,-0.44054025,0.55655164,0.5434935,-0.24962696,0.038520113,-0.34552482,-0.1270965,0.19391747,
0.011500922,-0.43406117,-0.002716239,0.13864148,-0.392155,-0.27096686,0.27749994,0.163739,-0.17011932,-0.21720782,-0.2838878,-0.1194197,0.25253913,-0.4269026,-0.21495867,-0.36303252,0.2522042,-0.14140815,-0.05116224,0.23736495,0.19382267,-0.044061545,0.38559115,0.0044190325,0.32315356,0.29560986,-0.06611703,-0.19493406,0.15913385,-0.3224559,
0.47320893,-0.14169744,0.32913986,-0.48868147,0.35558477,0.20370422,-0.06887823,-0.35561374,-0.11160264,-0.026706904,0.2239591,0.41167665,-0.35598433,-0.2660551,-0.42371708,-0.31737468,-0.15278196,0.30568433,0.38034654,-0.28467232,0.34412742,0.083706185,0.053293012,0.31310156,0.5117983,-0.30451497,-0.0023980567,-0.08170124,-0.4346937,0.24035124,
-0.17204417,0.3211711,-0.19293794,0.074288815,0.29366535,-0.07156512,0.19913672,0.41287524,-0.44731233,0.059471615,-0.4627377,-0.22403762,-0.48717636,0.15706672,-0.18114224,0.524205,-0.32766116,-0.3504881,-0.42187616,0.4278758,-0.30851236,0.4677918,0.16002326,-0.38674083,-0.32928005,0.11289292,-0.19230276,-0.02669842,0.25623062,-0.37808532,
0.21098074,-0.14119567,-0.42705894,0.08194887,0.41893554,-0.14771947,0.25996745,0.42601046,0.42359164,-0.27858374,-0.44608054,0.4319088,-0.18753232,0.26454931,-0.32733753,-0.09825739,-0.1221599,0.3913972,-0.34894267,-0.44489217,0.18994172,-0.3705278,-0.46343377,0.21066746,0.06122237,-0.41265196,0.19541126,-0.3225122,-0.023968529,-0.28686643,
-0.21348137,0.40389538,-0.5328933,0.07221424,0.3724317,0.23434632,-0.32863727,-0.14287356,-0.09265734,-0.10051,-0.23986405,-0.2129455,-0.35829216,-0.102756634,-0.44082862,-0.17691801,0.013454519,-0.039222054,0.17189449,0.12911914,-0.01692657,-0.3569912,0.09365067,0.25203237,-0.436929,-0.34478372,0.31774002,0.43841627,-0.10491418,0.11224169,
-0.060097914,0.16637307,-0.04337106,-0.14897178,0.51252854,-0.3226336,0.13979848,-0.2587385,-0.45411578,0.24726848,0.25037903,0.38791198,-0.23084888,0.3232916,-0.24052046,0.2991014,-0.0927942,0.4215788,0.20261581,-0.33611012,-0.18923494,-0.13412938,-0.33753222,0.24333625,0.25168505,0.25806457,-0.14264376,-0.02657461,-0.4651244,0.11228128,
0.08839865,-0.016388439,-0.3067114,-0.3214301,0.23570178,0.48697695,-0.24341814,-0.30467787,-0.45423648,0.24364826,-0.005845764,0.08068299,-0.05594998,0.16899371,0.19146366,-0.14861755,0.35933694,0.2472789,-0.024308845,0.07521185,0.20075329,0.05666626,-0.5062583,-0.22483677,-0.27683902,0.16489208,-0.31082466,-0.23238729,-0.43982416,-0.3999724,
0.20086743,-0.49601483,-0.0321759,-0.19918254,0.47111905,0.11368608,-0.014424879,0.12151632,-0.003988936,-0.04318517,0.22949833,-0.43486857,0.39671338,-0.3462523,0.35828313,-0.12881863,0.3955383,0.073732644,0.00757165,0.3242569,0.39987856,-0.45519808,-0.26070526,0.34192756,-0.06998109,-0.13287728,0.12737325,-0.34692565,-0.462109,0.40449956,
0.40245813,-0.3613765,0.08650885,-0.016207408,0.33620238,0.24673703,-0.18914312,-0.086360276,0.37405524,-0.27471203,-0.009642546,0.12392798,-0.25058764,0.24347854,-0.3219057,0.46968988,0.44215053,0.15957783,-0.37497145,-0.1711195,-0.08742064,-0.42324775,-0.39721182,-0.3620063,-0.14809704,0.14306328,-0.28604716,-0.43390262,-0.028795753,0.12435191,
-0.43787256,0.26811454,-0.3329259,0.3111166,-0.30437917,0.1220487,-0.19287042,0.105419226,0.13274395,0.4189322,-0.38137144,-0.34783497,-0.46239278,-8.563173E-4,-0.37300292,-0.048466828,-0.48199752,0.4028482,-0.2479614,-0.14781731,0.044371966,-0.015490281,-0.19069074,0.15358548,0.35506588,-0.31012008,0.10471504,0.3336878,-0.23396622,0.11810469,
-0.012887145,-0.3186306,0.0070702573,0.15102738,0.10016759,0.41189468,-0.4076888,0.43761158,0.12775974,0.23977108,0.12675354,0.2548984,0.096180916,0.07363857,-0.09214484,0.18000661,0.052455883,0.4698376,0.13685858,0.42440224,-0.08057648,-0.25796092,0.20748955,0.38690218,-0.21975298,0.32916132,-0.25012624,0.33119333,-0.06410018,-0.22999762,
0.36252722,0.071201004,-0.04535214,0.12964052,0.1549168,0.12510066,0.088428654,-0.11645185,-0.123470314,0.13384289,0.09415732,0.3223267,-0.47557354,0.12496767,0.10541016,0.33467117,0.36544538,-0.364159,-0.37135762,0.13869612,-0.4831553,-0.111122,0.14725016,-0.22406834,-0.08397935,0.3096972,0.24092132,0.15813176,-0.32147816,0.15664549,
0.4650852,-0.046783462,-0.48329246,-0.41596267,-0.08018963,-0.2645723,0.081540935,0.15577021,-0.4415475,0.13399208,0.028653098,-0.14742291,0.36295804,0.014106188,-0.10480531,0.20940349,-0.230519,-0.5130078,-0.28284174,0.4364673,0.16358824,0.17698216,-0.3781151,-0.076749936,0.18522163,0.35709086,-0.12140562,0.20016122,0.37398943,0.16810046,
0.14142838,0.47299206,0.022532199,-0.27797306,0.21816286,-0.31390348,-0.13899203,0.39136252,-0.50892675,-0.4934974,0.23292556,-0.24734774,-0.3686413,0.39786008,0.12391956,-0.010683038,0.035727236,-0.25357682,-0.049428567,-0.4356284,0.10772932,0.2455763,-0.37563124,0.0036686691,0.48182994,-0.34070754,-0.12352257,-0.33177647,-0.40018082,-0.2573382,
0.03168403,-0.18747924,0.43351513,0.37947783,0.25059512,0.028191824,-0.35557804,-0.50225806,-0.2261985,-0.056683198,-0.26249215,0.24477088,0.25331208,0.059791476,-0.2715649,0.18002456,-0.47853014,0.36872163,0.10328469,-0.46089435,0.05330589,0.046014555,0.13990086,0.021479793,-0.346951,0.29543692,0.2641589,-0.15461023,-0.3526069,0.15375538,
0.028723426,-0.09120819,-0.30912572,-0.34072328,-0.19364691,-0.038964614,0.036754057,0.047660608,0.29262576,0.23490466,-0.464813,-0.45628718,0.44579595,-0.044473305,-0.51054853,-0.108301684,-0.31760606,-0.0017589537,0.45099756,0.12453163,0.02729465,0.31475985,-0.3147381,0.29755417,0.16491792,-0.3488553,0.33855796,0.3857705,0.036260575,0.39339194,
0.072616294,0.3824172,-0.23469187,-0.16305065,0.21928507,0.022232978,0.35573208,-0.062101517,0.017059218,0.038679298,-0.1913141,0.45207018,0.564344,-0.2755346,0.35520834,-0.47321284,-0.43359214,0.0077861426,0.3416267,-0.44399709,0.28788304,-0.12882264,0.31898573,-0.09307055,0.42309362,-0.458132,-0.32700348,0.31614262,-0.22384281,0.49762696,
0.31372884,-0.27069753,-0.34304905,0.04089756,0.077176325,-0.12694222,0.14560257,0.3439519,0.25681823,-0.081521064,0.2728928,0.37717688,-0.14087558,-0.23870565,-0.035674576,0.30592585,-0.025718505,0.18203612,0.35222813,0.31613964,-0.16099146,0.108923405,-0.2457096,-0.28480116,-0.2664734,-0.2910346,0.08632106,0.24983609,-0.30093852,-0.27012867,
-0.3771848,0.009148429,0.047682464,0.47070152,0.036005825,0.15024285,-0.18413967,0.17519583,-0.06114737,-0.15016152,-0.07632735,0.24454692,-0.03231983,0.36338648,-0.38675052,-0.28305024,-0.13463326,-0.08150247,-0.48057476,-0.20673151,-0.4235232,-0.40911707,0.32993108,0.20277718,-0.46996444,0.009543289,0.20801178,-0.016305046,0.134351,-0.06278405,
/
-0.33592603,0.08235973,0.3310885,0.17154497,-0.23695143,-0.3000739,0.21355125,0.15418121,0.43339726,-0.31784925,0.20605047,-0.13108633,0.14654824,0.43752486,-0.068126574,-0.4483313,0.01658976,-0.31641138,0.32963225,0.13052881,0.057845913,0.05104875,0.10648583,-0.07130348,-0.10354772,-0.24302201,-0.12751201,-0.24157292,-0.267199,-0.3037729,
0.32070336,-0.3439677,-0.20428249,0.24546048,-0.27663046,0.04197634,0.010660355,-0.23714013,0.4230139,-0.29719782,0.21282497,-0.20326634,-0.4350652,-0.063148454,-0.018723918,-0.082666695,0.49142244,0.090913974,0.30956522,-0.40042692,-0.15140288,-0.28845897,-0.4274104,-0.13551095,-0.23707177,-0.028126216,-0.34644347,0.22969656,0.24823435,0.39975464,
0.22743288,-0.4639278,-0.4661935,0.047099736,0.15698701,-0.1844448,-0.25018844,0.085263856,0.42528263,-0.17630823,-0.41077942,0.21451546,0.24158542,0.48772404,-0.09904409,-0.18889225,0.2706591,-0.5058052,0.13858496,-0.2088107,-0.044458427,0.37015313,-0.18206112,0.20379704,0.2676327,-0.02194459,-0.16036718,-0.20737047,-0.03824548,-0.3807058,
0.29324934,-0.28529885,-0.396629,-0.11912168,0.15463072,-0.3976441,0.13743933,-0.32691577,-0.33263478,-0.09297837,0.37899467,-0.029024825,0.3333584,0.33461714,-0.26264894,0.30378118,-0.395279,0.31415954,-0.27331555,0.12304396,-0.27633983,-0.32708198,-0.2952003,-0.11153825,-0.31836924,-0.13403195,-0.0723289,0.18745174,-0.103930905,0.15691938,
0.32556137,-0.35048726,0.1072677,0.06580754,0.13236295,0.38710725,0.37482822,-0.15468697,-0.123376675,0.25030982,0.04539008,0.15676254,0.06850407,0.14980406,0.018383363,0.027525134,0.0041061244,-0.03996081,-0.15676925,-0.29594147,-0.36455044,0.29749686,0.27794692,0.035784956,-0.29456994,-0.30667844,-0.30610314,0.28621843,-0.20634702,-0.24673863,
-0.11383823,0.3330241,-0.07745906,-0.23673086,-0.31554058,-0.18395753,-0.15104099,0.16760753,0.027805895,-0.10446921,-0.19764088,-0.11541464,-0.19942495,-0.48818552,-0.0736967,-0.3634036,0.1112573,0.2823366,-0.141984,-0.22253156,0.013811958,0.05761221,0.15670368,0.3136123,0.04046802,0.27816248,0.07301217,-7.548991E-4,0.18149108,0.01864173,
0.37218046,0.07534919,0.13232139,-0.11172492,-0.19166909,0.32131356,0.2963982,0.43717444,0.25931156,-0.26339036,-0.16703865,-0.16387784,-0.24994814,0.11527166,-0.33784962,0.4566854,0.26759994,-0.26380593,0.36329088,0.4486198,0.41383213,-0.06873232,-0.35295415,0.3562308,0.25907788,-0.31567717,-0.41096362,0.054151,-0.015148337,0.29539752,
-0.26867595,-0.32089165,-0.15351123,0.3332228,-0.4399447,0.4432696,0.25936508,0.24168937,0.35072315,0.031218033,0.41265726,0.23510255,0.23766398,0.23054156,-0.30569676,-0.1419199,0.1561233,0.18532026,-0.20038071,-0.06840575,0.3016273,-0.034969818,-0.109991394,-0.059856575,0.22190274,0.03113449,-0.24225746,0.35982966,-0.014590635,0.1013761,
0.069727965,-0.50090945,-0.40317127,0.13533819,0.033261616,-0.04045967,0.025963336,0.30365327,-0.27633843,0.27344638,0.32689205,0.27395397,-0.35422596,0.057997003,-0.14421502,0.44928744,0.28823298,0.10343857,0.22911455,0.11668054,-0.105327025,-0.07310963,-0.1383107,0.0045146346,-0.08095116,0.07725512,0.012384197,0.032132965,0.19597761,-0.19931677,
0.38158268,0.0787087,0.0071471664,6.98667E-4,0.32763067,0.013795589,-0.09229481,-0.37657684,0.312694,-0.013245787,-0.47272372,0.27836835,0.08214997,0.13331886,-0.24260119,-0.026262268,-0.2930158,0.15058453,0.08921346,-0.055501446,-0.3228968,-0.25676373,0.17870222,-0.29609454,0.08316983,0.3682565,0.04411162,-0.16335595,0.2501609,0.22335315,
/
-0.030578667,0.078399464,-0.11546039,0.049471445,0.0467762,0.020837052,-0.024829388,9.3895127E-4,0.06055408,0.035077035,
0.039569438,3.997452E-5,0.0026256817,0.0030651712,-0.011868458,0.011565261,0.03336897,0.010896485,0.017461697,-0.0068279393,
-0.048593614,0.018688591,-0.02397106,-0.0046922104,0.024058618,-0.0135698,0.0037229008,0.045519836,-0.016101288,-0.009614252,
0.011189588,-0.046565194,-0.03471986,0.02764047,0.014625241,0.048239954,-0.04485674,0.009110548,-0.013005427,0.048764262,
/
