#205
-0.08509221,-0.057745013,0.2585233,-0.18401821,-0.06815632,-0.5619339,-0.19939834,-0.16312978,-0.4562145,0.345788,-0.39856908,-0.2835322,0.20377451,-0.0067762337,0.39231527,0.44948715,-0.3297209,0.4049784,
-0.007256196,-0.4731827,0.40023848,-0.3999592,-0.121627204,-0.47563988,0.39031118,-0.082767315,0.14568764,-0.38818106,0.14566343,-0.15357834,0.14330748,-0.058363516,-0.20232815,0.3855571,0.34183428,-0.28970727,
0.4283998,-0.28042668,-0.27631074,0.015430152,-0.07631645,-0.24497111,0.5151018,-0.08838937,0.2890258,-0.19753519,-0.14200872,0.015372911,0.4411787,0.4709337,-0.31597683,-0.12832715,0.122854754,0.21111016,
0.13548198,0.3555044,-0.47799173,-0.14384477,-0.08399918,0.0036370466,0.3940104,0.01847884,-0.15347564,0.32104036,-0.49928024,-0.21246147,0.11633775,-0.15212518,-0.23906952,0.23029867,0.19918028,0.44468993,
-0.06583696,-0.47400224,0.3851425,0.27096066,-0.1270574,-0.15767445,0.0855339,-0.4172864,0.38008857,-0.467656,-0.24351242,0.42351642,0.08669899,-0.3596277,-0.018811412,0.48369083,0.433992,0.29032663,
-0.4039136,-0.13978429,-0.3991476,-0.105385326,-0.009785316,-0.4434213,-0.47376344,0.15790375,-0.048228525,0.40095857,-0.18625715,0.24149714,-0.12875244,-0.22669278,-0.25102457,0.2327572,0.5029225,-0.19782837,
-0.28134802,-0.4191925,-0.4255663,0.078959204,0.45411694,-0.39904124,0.16473058,-0.4440801,-0.11563784,-0.112620525,0.26732358,0.2533903,-0.089933954,-0.42890674,-0.39864427,0.3871947,-0.055909272,0.19824503,
0.20694071,0.3920201,-0.19165441,0.2661474,-0.20185977,-0.3552652,0.33184475,-0.24980135,-0.040935088,-0.16571406,-0.02181991,-0.051666677,0.07838888,-0.422858,0.039839946,-0.29602903,0.42443258,-0.31303322,
-0.2315794,-0.08979836,0.21169157,-0.51349497,0.12921807,-0.18703482,-0.49587634,0.08910534,0.045299083,-3.190817E-4,-0.31575927,0.23436306,0.17240976,-0.37379566,-0.12629949,0.019715827,-0.33257666,-0.2857388,
-0.34920692,0.28278878,-0.17765445,-0.4721767,-0.50436795,-0.0325242,-0.27419493,-0.4484551,-0.29408523,-0.09124672,-0.19426677,0.09956414,-0.18682225,0.09007376,0.24333887,-0.3322091,0.21698739,-0.40523142,
-0.09346563,-0.27075812,-0.2534743,-0.1135071,0.4963992,0.17771989,0.3917983,-0.10571213,0.48292944,0.4649724,0.09442576,-0.20376042,0.5739727,0.4263055,0.05721207,0.1198105,0.4559699,-0.15049648,
0.36929366,-0.38432702,0.017655058,0.29732785,-0.25652027,-0.47923383,0.30597734,0.35061055,-0.04554236,-0.5199288,0.12162682,-0.18737131,0.24406469,-0.41110265,-0.10344551,-0.26281443,-0.030430501,-0.28942907,
-0.3504999,0.1939555,-0.2765144,0.37864128,-0.22226824,0.25094762,-0.53131187,0.2646776,-0.2458962,-0.29692683,0.027824039,0.4941484,0.027790776,0.05567031,-0.10066676,-0.39063162,0.05704199,0.36734802,
0.49880844,0.36250398,-0.09808411,0.008931407,-0.03210441,-0.06942599,0.07240375,0.2222357,0.006411844,0.2294997,-0.38866276,-0.36241385,0.12367813,-0.37543842,-0.044226322,0.24197985,-0.17182453,-0.3476732,
-0.17551276,0.44458526,-0.38844267,-0.0110238185,-0.45621812,0.0803468,-0.40342146,-0.18775362,-0.27514234,-0.29639825,0.32955566,-0.31240892,0.5118713,0.46135914,-0.29102242,0.08554843,-0.50395274,-0.03437276,
-0.014847336,0.3894175,0.26501244,-0.5114532,-0.45532462,0.37422246,-0.13839541,-0.24712434,0.22204576,-0.13028151,-0.37396613,-0.40814906,-0.3642549,0.28881013,-0.4450394,-0.2955221,-0.031126194,0.049786717,
0.34155175,0.4291569,0.2248133,0.35102865,-0.33652186,0.02602533,0.039841242,-0.34785372,-0.36186844,0.13406277,0.4675535,-0.17445478,0.48119825,-0.20308301,-0.26320356,0.46742547,-0.007671951,0.16272777,
0.4321707,0.22225106,0.39162934,0.2927502,0.1909966,-0.2902537,0.101536274,0.17786787,0.11703072,-0.023549713,0.37670848,-0.35763326,0.21377577,0.42227516,-0.4260517,-0.4587783,-0.20583694,-0.12224657,
-0.23528753,0.45019403,-0.058719814,-0.30006143,-0.22611809,0.5196437,0.15570326,-0.13207781,0.23301674,0.39875263,0.3199306,0.27116054,0.32366455,-0.31376493,0.21326932,-0.30640888,-0.35613328,0.2307879,
-0.45138317,0.36746112,0.37049863,-0.22540878,-0.18706042,0.117537834,-0.22546986,0.44308433,0.09923466,0.06017521,-0.117479734,-0.020638883,0.16145998,-0.19496316,-0.17787877,-0.25470048,-0.38747218,0.14417699,
0.4291131,0.49921072,0.13427232,-0.028111093,-0.25172353,-0.038955413,-0.03878355,0.2665029,0.28626934,0.16353376,-0.08677218,-0.010205693,-0.22983746,-0.11702219,0.27215314,-0.14824383,0.16113625,0.40520197,
-0.3808748,0.29963258,-0.023273423,-0.37994766,0.41923273,0.5181971,0.1998229,0.20910463,-0.28045002,0.19036019,-0.05247538,0.2681303,-0.2002616,0.35760576,0.28593558,-0.24861751,-0.32223648,0.33385843,
0.2860862,0.20319438,-0.3449648,-0.16637118,0.4414503,0.07244536,-0.40185437,0.26591775,-0.17747335,0.36685553,-0.18905737,0.22009051,-0.17847309,0.2829173,-0.21880502,0.27003738,0.32999167,0.22889245,
-0.3175859,-0.17363574,-0.0094893845,0.26489624,-0.38215148,0.030524556,0.28403178,0.24200681,0.3899511,-0.28532457,0.096824415,-0.3882271,0.33272964,-0.1759012,0.2699384,0.22455072,-0.11656059,0.40533412,
-0.33514646,-0.28308544,0.41059217,0.201252,0.21439454,0.20267193,0.066781424,0.44294018,0.41686398,0.124965966,0.25014198,-0.23412643,0.09313293,0.29296175,0.420346,-0.031171443,0.110735595,-0.09050439,
-0.07651088,0.37801006,0.43269697,0.07949132,-0.23414373,-0.20239405,-0.09191901,0.41798353,-0.10905009,-0.2375683,0.11154416,-0.21661179,0.41418612,0.21504779,0.41929924,-0.30009073,0.47186506,0.17487983,
0.37393466,-0.052216955,-0.11582289,-0.35876653,-0.35015282,0.379197,-0.4892894,-0.22326027,-0.31409764,0.13966095,0.26909423,-0.17003287,0.021656403,0.41169548,-0.40549964,-0.011285571,0.3067888,0.17537136,
0.37242088,0.08143818,0.09279222,0.256637,-0.0875688,0.46395713,-0.017816601,-0.391322,0.24219848,0.31251982,0.542313,-0.22928312,0.27593395,-0.36723784,-0.28377697,-0.006701553,-0.45160678,-0.11130771,
-0.08739643,-0.43348488,0.06435989,-0.0029303073,0.22040765,-0.32388428,-0.30970678,0.19366029,0.302218,-0.40479097,-0.18948746,0.3502964,0.06750116,0.005970184,0.42778942,-0.30098972,-0.05732664,0.48363253,
0.03803663,0.14304478,-0.1960295,-0.0011845304,-0.42394626,0.25715783,-0.17981829,-0.49508232,0.15859808,0.42220432,0.24256371,0.118502825,-0.48773903,-0.47202608,-0.24513212,-0.40470263,-0.3569568,0.18914491,
/
-0.26071838,-0.17197557,-0.21686988,-0.36728117,-0.2452701,0.45115787,0.05801658,-0.41187778,-0.20936786,-0.030498335,0.46276274,0.10876241,-0.3851458,-0.106216125,0.2634253,-0.018474411,0.27259848,-0.46758845,0.30997655,0.20357038,-0.30286312,0.32698277,-0.35937178,0.10018587,-0.05315428,0.19432689,-0.16132888,0.110992,0.12286109,0.21508294,
0.19679178,-0.24807696,-0.11235431,0.35178316,0.44272265,0.025666164,0.31404793,-0.15275818,-0.2280398,-0.477439,-0.32231617,0.046219792,-0.046093203,0.42763323,-0.1057591,-0.40796182,0.2942784,0.04119234,-0.27285796,0.4297408,0.4039387,-0.09438484,-0.31452686,0.17495468,-0.34460232,0.025764115,-0.1465603,-0.17105502,-0.24649912,0.2022818,
0.2406827,0.34425515,-0.45364496,-0.252342,0.17887236,0.44868276,-0.37263188,0.46888906,-0.3314701,-0.21475509,0.47838476,0.5062979,0.31519803,-0.2116458,-0.03896427,0.12853836,-0.07472692,-0.38237607,0.34333858,0.036229316,-0.37513405,-0.37476835,-0.34416914,-0.016011916,-0.25010487,0.20620725,0.28605574,-0.483785,0.25343016,-0.19424373,
0.18005177,0.13513607,0.18970487,-0.10284164,0.10594094,0.12206223,0.10693811,0.35809633,-0.07019931,-0.2000886,-0.48435277,-0.3080435,0.26220486,0.3009367,0.33841693,0.4801217,-0.44021755,-0.51006156,0.15014885,-0.06148305,-0.20086731,-0.032323133,0.05406499,-0.37113595,-0.5247257,0.2733131,0.45896047,0.1788463,0.19900042,-0.45588815,
0.18056703,-0.1365385,-0.13441023,-0.2879079,0.45968148,0.050721016,-0.25881964,0.24180876,0.20214392,-0.32503363,0.15018718,-0.21923842,0.14777814,0.47887835,0.2138017,0.22084162,0.04949443,-0.27004072,0.49120808,0.35437796,0.43452635,-0.2524921,0.27281973,0.1420557,0.5119483,-0.03362983,0.27467796,0.33035633,-0.23394954,0.44536433,
-0.26031503,0.061844394,0.26378006,-0.041721743,-0.27000245,-0.04911977,0.23868316,0.047976837,-0.022549514,0.0057984204,-0.300252,-0.100863874,0.50572884,0.08325016,-0.42210603,0.050445776,-0.114740424,0.26207417,-0.37127048,0.45300332,-0.17055045,-0.33730495,-0.38254306,0.32540804,-0.2895205,-0.41224393,0.29380408,0.23709926,-0.4474762,0.5368696,
0.20584092,-0.36104855,0.40783554,-0.2421147,0.3634421,0.44100866,0.10994519,-0.08050138,-0.27077135,0.118524455,0.03520513,-0.09721452,-0.38648283,-3.1313772E-4,0.2679637,-0.28818944,-0.29642648,-0.10193881,0.2014328,0.49566022,-0.14513883,-0.4296511,-0.41481644,0.09411109,-0.3110641,-0.27271676,0.36922124,0.083393894,0.5002763,0.15712039,
-0.37546036,0.1423786,-0.26095557,0.13857138,-0.48694476,-0.45802078,-0.18034811,-0.04347368,0.2796334,0.3440251,-0.46031192,-0.36898205,0.19630556,-0.18863419,-0.50145614,-0.21444994,-0.39077222,-0.14356516,0.2938445,0.11836378,-0.23419584,0.45693687,0.1257577,0.07229361,0.12972434,-0.107963905,0.045887757,-0.41936126,0.4605929,-0.3210747,
0.09037758,0.3993933,-0.024038574,0.29714143,0.04125661,-0.41973177,-0.32973278,0.45650992,0.4872288,0.31700674,-0.4082592,0.00947267,0.4119816,-0.37523898,-0.16503476,0.1155399,-0.32179525,-0.4036073,-0.19930807,0.41582185,-0.009892823,-0.3849414,-0.46936426,-0.14885579,-0.41033614,-0.26921582,-0.007889737,-0.4888186,-0.1179719,0.2128983,
-0.5395429,-0.12617476,-0.10595694,0.19137664,0.11236614,0.35021475,0.12326153,0.026791222,0.21164852,-0.008881616,0.14971092,-0.16533804,-0.09198443,-0.19131659,-0.31866926,-0.079730466,-0.3323116,0.24764898,-0.1140531,0.49378133,0.16991535,-0.30595937,-0.32745144,-0.09453923,-0.22147112,0.27608946,0.20478211,0.5005759,0.16774572,0.3104566,
-0.1978394,0.45153525,0.11070299,-0.16494866,0.38391155,0.03943668,0.4233184,-0.4000666,-0.28075707,-0.37014484,0.4802332,0.4337677,0.052456908,-0.22205667,-0.3925328,-0.3275485,0.46997496,0.012891609,-0.273084,0.29482904,-0.47955117,0.1857642,-0.38740638,-0.11674565,0.13247056,-0.1021624,-0.38324898,-0.098163374,-0.21757932,-0.20747365,
0.008543361,0.17856841,-0.25908375,0.012442891,0.47358692,-0.049111787,-0.13363439,-0.38776526,0.04629431,0.38558117,-0.23846622,0.07775014,-0.25950524,0.20395677,0.062947355,0.40121993,0.34965926,-0.05907621,-0.05044914,-0.16025864,-0.12528396,0.45352855,0.27744073,-0.40706784,-0.41336447,-0.28136602,0.117470264,-0.2183575,0.15714638,-0.18654963,
0.35114792,0.42060626,-0.37553883,-0.26551563,0.021525491,-0.058632012,-0.15674606,0.21819052,-0.35290238,-0.3825836,-0.3917234,0.23644602,-0.21641788,0.34335148,0.44898817,-0.24975997,-0.44175866,-0.16384457,0.16521649,-0.3317576,0.16247486,0.18884318,0.121222995,0.32036608,-0.42806676,-0.13172053,-0.4398421,0.4195446,-0.20029154,0.23981252,
0.22778901,-0.3272437,0.23647688,-0.02238942,-0.44532916,-0.16086297,0.43171751,0.16774358,0.051618427,0.17305005,0.080082096,-0.31610352,0.41992682,-0.040216323,-0.40192327,0.11966814,-0.4768606,-0.17888154,-0.11565371,-0.37296787,-0.17406598,-0.49350846,0.28145862,-0.028204415,-0.2771861,-0.48110783,-0.15028277,-0.4364652,0.43607748,0.20146804,
-0.17574188,-0.44756058,0.38252226,0.3179124,0.4612425,0.18814611,0.056256767,0.19432196,-0.25555158,0.028668,0.17664936,0.08166826,0.0312027,0.4501068,-0.44794044,0.0971722,0.3100703,0.43431515,0.4774502,0.12566537,0.06038811,0.2907134,-0.34167457,0.12001856,-0.019245243,-0.15814884,-0.18291746,0.09492318,-0.3739573,-0.13690242,
0.33937055,0.37519947,-0.33166686,0.13909052,-0.27773088,-0.030067831,0.18774785,-0.012852222,0.2228748,-0.054771513,-0.43883097,0.19397302,-0.4690231,-0.36334565,0.09238629,0.11338768,0.14406736,-0.30360866,0.24181655,-0.18617862,-0.44075236,0.1264451,-0.03611819,-0.45742995,0.12059335,-0.17537236,0.5221696,-0.15545249,0.2418495,0.055887513,
0.019812947,0.23425134,-0.35199878,-0.15264879,0.030422313,0.06563012,-0.17251414,-0.3125419,-0.23034196,-0.008867384,0.06747118,-0.38150734,-0.4414187,0.07421429,-0.2975116,-0.43256667,-1.4774669E-4,0.4627532,-0.3026715,-0.45579696,-0.023265436,-0.2149318,-0.42544135,-0.26784873,0.24179126,0.2899395,0.251216,-0.122274205,0.34086967,-0.26886666,
0.49575657,-0.07402364,-0.16569944,0.37040085,-0.4479966,0.18896969,-0.3887545,0.42120504,0.028668543,0.3334238,-0.31967053,0.17404369,0.30883852,-0.22478426,0.09634861,0.26940033,-0.3074771,-0.3294524,-0.018330064,0.034387697,-0.1961535,0.34020093,-0.29487255,-0.37135985,-0.08891325,-0.24711713,0.34137627,0.31762153,0.037941158,0.22145444,
-0.14207214,0.1501442,-0.34341714,-0.022809254,-0.27642757,-0.048982605,0.3972559,0.004774546,-0.3499341,0.3785787,-0.39388335,-0.3414136,-0.37871245,-0.15482867,-0.05943928,-0.23689787,0.18919925,0.07059307,0.15744154,-0.3059069,0.31340066,0.30816537,-0.23295872,0.0034174428,-0.030565027,-0.237241,-0.15139617,0.31768766,-0.4612386,0.19767115,
0.50558376,0.21569356,-0.0757414,0.16228567,-0.2711193,0.2022579,-0.20552544,-0.37862843,0.029041212,0.029805344,-0.17539585,0.15803787,-0.0959324,-0.15160008,0.22028387,-0.092610374,-0.2036512,0.27891207,-0.29313198,-0.18787955,-0.30218077,-0.26760486,0.4531182,-0.010223419,-0.10855651,-0.23162927,-0.27666292,0.1955464,0.5406357,-0.022797456,
0.38255334,0.02186401,-0.39722702,-0.25759166,-0.22997981,-0.21681973,-0.11135424,0.032365717,-0.39845476,-0.25241238,0.47325227,0.43361765,0.4193088,-0.18333206,0.18150456,-0.50122833,-0.36536047,0.46095744,0.15690818,0.14301194,-0.4228749,0.318494,0.11810407,0.25748485,-0.41159117,0.29773033,0.47274464,-0.30433,-0.3037669,0.15409322,
0.32884213,0.05273725,0.14070207,0.3096737,0.3463832,-0.4423821,-0.38942504,-0.17045934,-0.20831189,-0.15567048,0.45448172,-0.15237878,-0.08836391,-0.105316274,0.33026,-0.2377466,-0.38946196,0.21310803,0.19037966,0.009634458,-0.010722671,0.36386004,-0.0901009,-0.30065614,0.3580717,-0.46903938,0.056406986,-0.34793642,0.460963,0.5016576,
0.033720095,-0.45815712,-0.41546932,-0.2130874,0.20159833,-0.3994976,-0.07015192,0.24423729,0.45695263,0.068001285,-0.07070714,-0.29794627,0.31977326,0.48580658,-0.26699117,0.057377134,0.025595637,-0.12076661,-0.07950801,0.26784444,0.23813707,-0.43973002,0.25158876,-0.16513455,0.44351703,-0.12001439,-0.12225376,0.11548536,-0.20768444,0.39716926,
-0.3919121,-0.03256635,0.24765322,0.24259733,-0.22234195,-0.32172233,-0.032279793,-0.028220315,-0.19275087,-0.37525815,0.42348048,0.12109497,0.02210025,-0.009294408,0.0020397413,-0.3964102,0.3765079,-0.06675072,-0.08646131,0.06494668,0.2707756,0.052472364,-0.4753455,-0.29142663,-0.45260715,0.23481484,0.3923556,-0.270487,-0.5138012,0.11287595,
-0.467734,-0.37366354,0.4430452,0.22557327,-0.06300531,-0.1788473,-0.41294664,-0.021057697,-0.16857958,-0.28719687,0.038804438,-0.39384583,-0.40522718,-0.036860064,-0.10571823,0.17337698,-0.16145988,-0.20913948,-0.2758199,0.39476314,0.21472791,0.2359826,-0.3280717,-0.43747902,0.43941945,0.32950827,0.41112497,0.04008783,0.36278477,0.41692963,
-0.21312411,-0.37333035,0.43795553,0.44267282,-0.46228102,0.34849295,-0.47941774,0.39785936,0.08525265,-0.39367944,-0.41245303,-0.098617174,-0.1721368,0.1517562,-0.025250021,-0.4534432,0.18783054,0.34126106,0.3952974,-0.40339908,0.4366162,0.29867122,0.16971962,0.2942626,0.088617615,-0.18412869,0.47430986,-0.18755151,-0.42917168,-0.38987917,
0.2619804,-0.46226442,0.29941082,0.2781207,-0.25067008,0.2934945,0.0723457,0.3560662,0.38521594,-0.29406634,0.06534519,-0.46626082,0.06615474,-0.09095508,-0.1667019,0.12732136,-0.4908272,0.3161342,-0.024632417,0.18665342,0.051017996,0.23213007,-0.43360808,0.23402503,0.18191607,-0.0823355,0.25965393,0.028583946,-0.43828738,-0.18291196,
-0.43665192,0.35408264,-0.27239078,-0.33570313,-0.50522935,-0.19230531,-0.407104,-0.35535955,-0.34811682,-0.51580006,0.2034306,-0.11987468,-0.019963292,0.4105,0.29585013,-0.047004182,-0.28338274,-0.1796629,0.13009033,-0.4302544,-0.10135847,0.3675597,0.4308141,-0.2708524,-0.081189506,0.4805981,-0.2257551,-0.08727746,0.2947184,0.34372002,
0.44442734,-0.21542342,0.14128517,0.17611657,-0.1476023,0.1324746,0.46924478,-0.27050498,0.25764322,0.41558447,-0.013427207,-0.26540598,0.0967448,-0.053009797,-0.33880663,0.17353489,-0.082386814,-0.003521774,-0.36042765,-0.33839405,-0.13831958,-0.31383395,-0.19897917,0.31704426,0.17661555,-0.22857876,-0.46168903,0.28225172,0.10853367,-0.21919,
-0.47064954,-0.36924422,0.4785122,-0.39953312,0.17791499,-0.07591852,-0.03367833,0.35730115,-0.32225868,-0.15204014,0.19288477,0.33858415,0.3677837,-0.21440347,0.22850522,-0.204435,-0.2961195,0.5099272,0.14305425,-0.19982691,0.4932701,-0.007610197,-0.37788904,0.22236666,0.078740574,0.03168931,-0.16025166,-0.37163323,-0.30404383,-0.34349075,
/
0.1706404,-0.06975443,-0.04166987,0.10260693,-0.23835999,-0.26080185,-0.23110685,-0.48874742,-0.22384666,-0.40439236,0.44017676,-0.16449177,0.14398953,-0.4140766,-0.4665324,0.22446942,-0.36745474,0.19265983,-0.29458097,0.23902108,0.34073836,-0.32498205,-0.1301113,0.055505294,-0.14877665,0.16612685,0.12588988,-0.2379454,0.3814676,0.23427941,
0.20251918,0.024264531,0.09327804,0.3139254,-0.052235145,0.39878497,0.25931406,0.03977819,0.2736003,0.4049422,0.40346035,0.31438452,-0.3118374,0.115851335,-0.259052,0.07201339,0.052634154,0.38343874,-0.3903354,0.45109555,-0.18508382,0.068648204,0.044739466,0.002588222,-0.28294846,0.14537966,0.162853,0.11626664,-0.012050629,0.40484396,
-0.23667683,-0.37132016,0.096679434,0.2034196,-0.44523388,0.3666559,0.25323552,0.120505966,-0.10507059,0.037600685,-0.45304126,0.27897322,0.33520797,0.17802347,0.16602968,-0.46432775,0.038523175,-0.20571782,-0.19331855,-0.48611528,0.12155124,0.4484368,-0.15283878,-0.2859232,0.1396699,-0.50699306,-0.14722484,-0.10446621,0.13063034,-0.41002947,
0.3261576,0.09214425,0.37507397,-0.16879608,0.13595058,-0.49472204,-0.050592672,0.0019147785,0.3968301,-0.018747868,-0.36412078,-0.11938097,-0.45224005,0.019522198,0.29766718,-0.04900566,0.16254213,-0.2837928,0.099473886,-0.4581723,-0.38887691,-0.1740673,0.09570732,-0.0625027,0.1888222,0.06443966,0.18083927,0.15234259,-0.14717893,-0.10922056,
0.19950661,-0.15307443,-0.48526725,0.4077555,0.03922802,-0.32510796,0.3541965,-0.120319545,0.10854681,0.016107198,-0.071835354,0.30800834,0.27951905,0.23414558,-0.023192788,-0.35579583,0.35455,-0.3492097,0.39465982,-0.3333349,-0.105398074,0.49119237,0.3722969,0.14830309,0.0075196745,0.16760637,0.16359328,0.10913414,-0.050835855,0.17933126,
-0.19282578,-0.058860697,0.26034307,-0.04661572,0.21103661,-0.15606992,-0.08042491,0.28781816,-0.005131712,0.47999123,0.39188853,0.46921134,-0.2688178,-0.027366366,0.04567352,-0.08404738,-0.12537651,-0.45222566,-0.23980163,8.366082E-4,-0.04030043,0.19899467,-0.109076746,-0.30410877,-0.15949202,0.44717255,-0.21043584,0.4608871,-0.04867326,0.23303589,
0.30766582,-0.18392867,-0.21447842,-0.11629173,-0.10710347,0.32661155,0.2786469,0.031044465,0.37761578,-0.1903959,-0.15453619,-0.20231074,-0.3854142,-0.36271682,-0.1504361,0.07694158,-0.34958267,-0.13240662,-0.26610762,0.09896389,-0.25855097,0.13873672,0.22428687,-0.20042841,-0.08867621,-0.49397227,-0.424416,0.4473566,0.54202616,-0.5070348,
-0.15066512,0.06548491,-0.35762608,-0.523895,-0.37578076,0.5146698,-0.18820758,-0.036320716,0.36686316,-0.23221315,0.2978074,0.0077603604,-0.09990289,-0.016855052,0.4601539,0.23678271,0.06943344,0.28055435,-0.13083793,-0.2570948,-0.11361363,-0.122514226,-0.02059445,0.08545641,0.42843205,0.3822919,-0.3212344,-0.13090576,0.40992537,0.44346625,
0.065899104,0.06555139,0.40863594,-0.46895522,-0.017069736,0.29317716,-0.1201481,0.067561,0.2376315,-0.0065486943,0.06284503,0.21859244,0.19483322,0.22195242,0.14984126,-0.03576571,-0.16702428,-0.42302388,0.43702474,-0.09591921,0.078624964,0.32320106,0.32732117,0.18113926,-0.079865105,0.032934442,-0.028783794,0.062145103,0.3270504,-0.16009535,
0.027291512,-0.29567236,-0.46816072,-0.37775922,0.4258378,0.37671643,0.003732064,-0.3196031,-0.061451178,-0.22164162,0.11643281,-0.23422198,-0.027365878,-0.45347217,-0.45852366,0.15202895,0.01182065,0.35135537,0.4732874,-0.21737349,0.42820022,-0.3775951,-0.290864,0.3167778,0.16928907,0.26964152,0.41219944,0.23010658,0.35652632,0.21387127,
-0.14723852,-0.09066725,0.27386224,-0.33708113,0.4266314,0.18331619,-0.5069743,-0.23135331,0.30750173,0.47068837,-0.23567836,0.32074574,0.28852358,0.16336979,0.48517993,-0.17520212,-0.05975244,0.43804172,0.08056355,-0.08022856,0.11549926,-0.0096530765,0.1006565,-0.1259995,-0.3449616,-0.112597525,0.18521595,4.7350605E-4,-0.053448506,0.48434827,
0.023381501,-0.27180663,-0.06965541,0.3849555,0.3971448,-0.2937269,-0.25513616,-0.24813288,-0.42777747,0.31413057,-0.35074377,-0.49825385,-0.17643438,0.34067813,-0.075740494,0.27278018,0.15120223,-0.029580312,0.026851797,-0.057325672,-0.1771586,0.18743192,-0.4128768,0.1327136,0.38373727,-0.03958291,0.15908585,0.1700787,0.26335052,0.30668196,
-0.042941418,0.26695555,0.24610604,-0.28335258,0.3796092,0.015387067,0.31146342,0.18474044,-0.16546588,-0.2659549,0.394812,-0.36221787,0.37369746,-0.36114976,0.061889764,-0.22322546,0.20542091,0.399293,0.28313273,0.0945881,-0.38085192,-0.06972011,0.28838596,-0.43727702,0.06693704,0.42200884,0.31666622,0.36616054,0.3516077,0.29374427,
0.3590723,0.3270858,-0.29445833,0.4248286,0.20507275,0.12903798,-0.24845642,0.0071852147,0.311919,0.019711882,0.04148581,-0.039297916,-0.14172377,0.33192894,0.06609049,0.33617288,0.12691896,0.17199384,-0.15513732,-0.16053118,-0.50437874,0.23778513,-0.51453006,0.009265052,-0.33677402,-0.0721744,0.15430453,0.3708795,0.2420104,-0.1758269,
-0.019714823,0.3093075,0.24772201,-0.13416526,0.37893885,-0.12505601,-0.33576375,-0.127577,-0.4376297,0.24998474,-0.42152885,-0.22002037,0.19590005,0.45891857,-0.24875285,-0.20542376,0.17037952,0.11882202,-0.22462314,0.27884027,-0.11995011,-0.03725353,0.15408202,-0.06413183,0.2625364,-0.36663097,-0.06434887,0.25887185,0.3940827,0.40773147,
0.18425529,0.059418198,-0.016911121,0.38417956,-0.31261986,-0.35815704,-0.09832287,-0.20025358,-0.34229073,0.16952111,0.052308187,-0.3725874,-0.46761692,0.26619777,0.34946197,0.05598764,0.25732335,0.29456824,0.098628655,-0.32640424,0.21553615,-0.46146438,0.33168384,0.09388863,-0.4632964,-0.28208834,0.2062455,0.23061836,0.43197423,0.17084517,
-0.35921305,0.25530726,0.38974133,0.18259352,-0.27955785,0.06350403,0.15608172,-0.08969154,-0.46743527,-0.35884777,-0.10211238,0.31224787,0.061408944,0.22617148,-0.20914464,-0.084659226,0.19655599,0.28590825,0.074671604,-0.041399945,-0.1341129,0.058990102,-0.15056074,0.06632753,-0.0163228,0.15571202,0.26192546,-0.19227424,-0.13123967,-0.22404557,
0.09208034,-0.34558567,0.302083,-0.085774876,0.3966797,-0.28589207,-0.40328357,-0.027345184,0.39227486,-0.34487164,0.2588942,-0.15007631,-0.19106714,-0.2735019,0.5130185,0.18434177,-0.14479184,0.2702793,-0.119868524,-0.27369377,0.04020762,0.29468375,-0.42243668,0.45107785,-0.29556277,0.23635016,0.08744712,0.121515445,-0.48213434,-0.3246903,
-0.31634414,0.23674577,0.43962482,-0.16496748,0.12629494,0.2904911,0.023236739,-0.032990668,-0.044514455,0.20708777,0.23835672,0.18415694,0.44181454,-0.12919292,-0.22291538,-0.3930615,-0.51579636,0.4214918,-0.23217173,-0.23183185,0.07561024,0.26719314,0.12896878,0.3554835,0.2860065,0.35849798,-0.08125039,-0.3473033,-0.023166921,0.39016917,
0.35528725,-0.28183866,-0.39162016,0.19173679,0.060772173,-0.294557,-0.038721718,0.3579865,-0.0923614,-0.28095707,0.04590582,0.13580757,0.17502658,-0.14454222,-0.04194478,-0.32384476,0.09957326,0.31550375,0.052303374,0.31128314,-0.08062372,0.2566046,0.07050186,-0.07387611,0.07979229,-0.43101913,-0.14050123,-0.5238825,0.11915178,-0.43209445,
-0.37144646,-0.17611837,0.45364377,-0.40039504,0.40124485,0.1800278,0.2897539,0.32983732,-0.27999198,0.3062722,0.4368845,-0.29264745,0.16416128,-0.19319063,0.20818989,-0.027334305,0.14932837,-0.07255549,0.060838275,0.32925454,-0.061559882,-0.14834078,-0.38689467,-0.43890038,0.21167995,0.45642987,-0.05870611,-0.08524529,-0.088949546,-0.30070293,
0.42213878,-0.40071458,0.2374164,0.29637712,0.27279943,-0.46623993,0.1753726,0.04186552,0.13741343,0.27735198,0.11545968,-0.4885322,0.4954904,0.41020337,-0.24718608,-0.16073957,0.12079979,-0.0016859191,0.036160007,-0.10999813,-0.022930086,-0.0022025947,0.0475425,0.43656105,0.29789785,0.034610964,-0.2420281,-0.44759303,0.4089813,-0.42116782,
-0.436494,0.21764189,0.053802345,-0.028726755,-0.23681296,-0.10607021,-0.07017469,-0.13930291,-0.29258734,-0.07944878,-0.060611255,0.2256792,-0.21972051,0.33059132,-0.024992537,-0.26796553,0.31095734,-0.36410627,0.04026483,-0.33065763,0.06526957,-0.30669466,0.322238,-0.16543323,0.40665013,0.44121668,-0.19151144,0.16352814,0.4049159,0.16756181,
0.33938974,0.45185238,0.39308414,-0.104322895,0.30402738,-0.24694225,-0.0928494,0.3265332,0.019015936,-0.4325734,-0.38488162,-0.073029466,0.4695383,-0.24651489,0.3412126,-0.25356153,-0.46295306,0.3997004,-0.23218605,-0.4181323,-0.41020826,0.40890953,-0.30462047,0.2932285,-0.35438347,0.19270705,-0.3567453,0.06770062,0.07730522,0.24637538,
0.1610354,0.13677421,-0.4525739,0.44142824,0.36548066,0.3161769,-0.02057792,0.07677943,0.08598476,0.10922753,-0.27871096,-0.4886778,0.46892062,0.42524073,0.47074762,0.33640918,0.44896248,0.32229432,0.2381885,-0.11714424,-0.37108427,0.18594196,0.047231946,-0.16828533,0.2526653,0.20041972,-0.43975687,-0.16317278,-0.36672118,-0.4235422,
0.1848908,0.13879338,-0.27048144,-0.42611867,-0.009300552,-0.23429662,-0.4286598,0.4245698,0.3825908,-0.39110866,-0.49861163,-0.08516046,0.13719127,0.10557791,0.013899319,-0.3980195,0.023592252,-0.14655712,-0.007820084,-0.049913373,0.10629484,-0.48182756,0.2973921,-0.08118238,0.102065206,0.37868458,-0.070398025,-0.3797108,0.34230974,0.31993926,
0.45921373,0.3042657,0.27750036,-0.074319296,0.43048212,0.31388995,-0.3835106,0.034821995,0.0485486,0.008908358,0.18751355,-0.049082775,0.13350807,0.26964995,0.081474066,0.041740872,0.11522747,0.1445283,0.14497717,-0.12879229,-0.2901214,0.4216727,-0.17149785,0.23410828,0.30920318,-0.18452765,-0.064700745,0.47885764,-0.44188195,-0.049363665,
-0.16352716,-0.08125997,-0.104156576,0.4085415,0.28257766,0.44724682,0.34685674,-0.3701694,-0.46501753,0.46816012,-0.22198847,0.091480106,-0.3765528,-0.18916114,0.2775566,-0.41405067,0.3244569,-0.20686966,-0.23181312,-0.32782552,0.43810117,-0.16040303,-0.12790793,0.22686705,-0.40179634,-0.14286329,-0.17341259,0.3888607,-0.0126270745,-0.017568469,
0.4491993,-0.43504673,0.19790426,0.10966694,0.21764886,-0.13025641,-0.006267809,0.15299574,0.12318592,0.10238659,-0.16332655,-0.33733076,0.19614144,-0.22409748,0.18069828,0.28400925,-0.46514037,-0.1821776,-0.28730872,0.29038057,-0.18991373,0.055097938,-0.26826528,-0.31027994,0.29873717,0.2797289,-0.3677541,-0.31054753,-0.01573884,0.21007779,
-0.2393436,0.35492355,-0.47803953,-0.4695587,-0.43521744,-0.3229897,-0.13134289,0.23350722,0.3873951,0.25440592,-0.4751728,-0.3355584,-0.40428266,0.19092178,0.3510635,0.4321206,0.11593422,0.34954563,0.07278211,-0.48104775,0.21965672,-0.47496247,-0.039091278,0.44349658,0.3134072,0.06346927,-0.12798975,0.45358667,-0.082344756,-0.12291221,
/
0.38933864,-0.34444395,0.5208592,-0.2325347,-0.04133797,0.2954148,0.50109106,-0.21748023,0.1403317,0.38241658,-0.005481476,-0.15228741,0.12859438,0.32128593,0.20022032,-0.100600354,-0.4213267,0.19835815,-0.32131287,0.022608645,0.28162196,-0.26043835,0.13192305,0.2661394,0.31427953,-0.086954586,-0.40535536,0.23334864,0.28457052,0.22045508,
0.33585367,0.14342949,-0.15813191,-0.32409602,0.29394293,0.10184576,0.3532539,-0.12892433,0.18821542,-0.3056812,0.257784,0.2780013,0.14628412,0.10240986,-0.2303234,0.10352777,0.39677447,0.17057046,0.25647923,0.13749196,0.34752744,0.14251074,-0.38280013,-0.08972882,-0.13011579,0.29938418,0.19119368,0.10229956,0.2067707,0.42456236,
0.04988909,-0.3719375,-0.09673036,0.26460287,0.35743925,0.1661414,0.24989545,0.27678016,0.25729728,0.32902145,0.06905017,-0.28086716,-0.35044083,-0.11462182,0.18139392,0.124280974,0.26890114,-0.3216811,0.053214476,0.41071266,-0.3190152,0.1854765,0.052972257,-0.18689725,0.024758754,0.036136862,-0.37354532,0.34118244,0.42757663,0.15863353,
0.0038938755,-0.18078133,-0.20096095,-0.3191249,-0.041950215,0.41232428,-0.06693338,0.09239592,0.33760715,0.015135426,0.1414029,0.191863,0.32854024,-0.21321453,-0.008229188,0.27054572,0.45418042,0.2014321,-0.12097411,-0.4194719,-0.24138635,0.029404854,-0.47882715,-0.39297324,0.30517337,0.14775032,-0.43764263,-0.28736755,0.23112758,-0.2285021,
0.24644344,-0.44363698,0.15012172,-0.46134877,-0.122628,0.47224694,-0.07646795,0.10245001,0.27653456,0.17894758,0.071701035,0.4310585,0.069382064,0.39593613,-0.36861914,0.35307658,0.305394,0.19254999,0.21411723,0.33870518,-0.29585487,-0.08219044,0.26109385,0.25060663,0.27124316,-0.2724268,-0.17229141,-0.20598975,0.07073945,0.11285201,
-0.20058647,-0.12799816,0.23049204,0.1562752,0.17686962,-0.08329662,0.08642369,-0.2803149,-0.22079432,0.44192848,-0.14884977,0.08337869,0.015909776,-0.2149012,0.28220257,-0.11428829,0.21457423,-0.33355644,-0.09276798,-0.06198784,0.24606337,0.07248114,0.32005993,0.09175709,-0.049843892,-0.15045841,-0.21100883,0.2657304,-0.026015744,-0.26639226,
0.06745493,-0.22055341,-0.22636876,0.33219588,0.32553762,-0.20759565,-0.3981467,-0.32050395,-0.40755647,-0.155014,0.29513037,-0.36713865,0.232822,0.11062304,0.03218739,-0.11732898,0.014526797,-0.0469746,-0.23433688,0.22184041,-0.122478336,-0.46422976,-0.14361446,-0.44501874,-0.067304894,0.30728418,0.07574487,-0.20840716,0.3566636,-0.06792307,
0.4416888,0.35451376,0.4086123,-0.09497737,0.019481894,0.28177968,0.19127087,0.26362792,0.4358919,0.15790337,-0.32126972,-0.008538596,-0.39192572,-0.3278833,0.11371313,-0.013870833,-0.37605464,-0.008766536,-0.36901182,-0.15815967,0.2166158,0.13112104,-0.2731414,0.263002,0.3819746,0.26886186,-0.35758203,0.36504582,0.09212668,0.31061608,
0.31243846,0.3344637,-0.24376602,0.36229244,-0.31889206,0.31849933,0.12687625,0.45963213,0.41617516,-0.28967598,0.021027284,-0.09480711,0.025342684,-0.33768272,-0.040090505,-0.3490597,0.125017,0.43504047,-0.2675324,-0.43872195,-0.37145334,0.25767308,-0.2634136,-0.10835408,-0.08642491,-0.039152153,-0.18469092,-0.20906457,-0.08941397,0.023818353,
-0.046482354,0.029221473,-0.38965988,-0.22600883,0.0042491998,-0.10644156,0.0167245,0.36801884,-0.36152577,-0.32257384,0.024558004,-0.15052754,0.063186415,-0.21563092,0.057394627,0.1881266,-0.053441662,0.28042707,-0.3314204,0.341568,-0.20540717,-0.022921368,0.35562876,0.31776446,0.12427452,-0.13172649,0.15238938,-0.42418367,-0.3335072,-0.252074,
/
-0.016294394,-0.027943397,-0.0039296467,0.016867656,-0.0025512525,0.020921327,-0.014456551,-0.012226692,-0.030639948,-0.03808179,
0.0406433,0.054647442,0.0053510866,0.041349556,-0.0420764,-0.08610212,-0.06754288,-0.01956524,0.023164846,-0.021089261,
0.050624292,-0.035950206,-0.012565377,0.02364222,0.0300529,-0.083357334,0.017093498,0.020002425,0.0012382227,0.0015303325,
-0.0049261986,0.020599473,-0.03208495,-0.023308137,0.008286457,-0.031867187,0.006055026,-0.020326454,0.018271256,-0.067691505,
/
