#141
-0.15339044,-0.70968074,-0.60066175,0.035624936,-0.07711372,-0.33140543,-0.024125654,-0.57647634,-0.18174228,-0.029327763,-0.40765974,0.36332628,-0.12277609,-0.41241553,0.36118516,
-0.45899823,-0.96248275,-1.7302403,-0.78810364,-0.432515,-2.132162,0.252346,-0.5780501,-0.33878815,-0.17541231,0.065242864,0.45720014,0.0909574,0.3260433,0.33826864,
-0.25403786,-0.60067964,-0.0146804545,0.13295555,-0.36578625,-0.4513892,-0.4736425,-0.017294655,0.15079717,-0.18723422,-0.26671872,-0.3131473,0.098339416,0.4615301,0.48174372,
-0.0070379805,0.48082125,0.5637625,-0.35511434,0.25759637,0.4974626,-0.11587483,0.3245496,0.3233081,0.0271202,0.08676142,-0.17336133,0.47259414,-0.42095163,0.107299596,
0.3066763,0.0013064469,-0.5739746,-0.15026268,-0.25995073,-0.40272197,-0.4201598,0.32097,-0.17184487,-0.35378003,0.20939316,-0.018768491,-0.24133268,-0.22241469,-0.44825935,
0.99780315,0.6712593,0.27303782,0.46227795,0.56978005,-0.024761045,0.5619502,0.11167563,-0.16941985,1.1575899,0.55151415,-0.26509228,-0.106650434,-0.3099486,-0.15058693,
0.14771368,0.23816913,-0.40274826,-0.06641866,-0.20161358,-0.059893176,-0.05294784,-0.19058327,-0.23828863,1.2340057,0.24490018,0.38687712,-0.49766394,-0.25593364,-0.34451684,
-0.23819089,-0.329838,0.22424412,-0.44388658,0.5492007,0.20324947,-0.38040555,-0.39357036,-0.37841573,-0.05763413,-0.002706263,-0.019909417,0.0755667,0.095945,-0.22349548,
1.2866395,-0.08839165,0.65159345,-0.10878094,0.21604675,0.43995994,1.7632197,0.03996901,0.2997175,-0.021216042,0.19536969,-0.48148084,0.071069315,-0.22870876,0.053172547,
-1.2976167,-0.8169966,-1.6766543,-0.581053,0.42687923,-0.23042855,-0.32788026,0.4250563,-1.4511733,-5.6946306,-0.28584102,-0.36070254,-0.28891405,0.35149243,-0.11201805,
0.0042468044,-0.08468384,-0.034174968,-0.21897157,-0.69639933,-0.85838974,-0.1713344,-0.39365518,0.05079526,-0.13348451,0.20313418,0.31803092,0.0076721692,-0.29732072,0.12855352,
-0.17625187,-0.015570761,0.39696547,0.40008825,0.20640194,-0.49962166,-0.5538506,0.4053316,0.26849857,0.31224275,-0.061013293,0.3434815,-0.1884802,0.045626014,-0.062476516,
0.11489849,-0.12143473,0.05170987,-0.34004694,0.37421092,-0.6498124,-0.56847256,-0.123364896,-0.2833421,-0.09471443,0.006751229,0.29695573,0.49090466,0.44442046,-0.006219505,
0.44595346,0.15249315,0.048503637,0.06789033,0.29104623,0.38082454,-0.04588196,0.2827018,0.3970993,0.23569939,-0.3746635,0.24484792,-0.0075075794,0.48211566,-0.43464032,
0.16307516,0.132268,0.5150908,-0.36603034,0.22667234,0.0018006638,-0.05218771,0.39226654,0.47486866,0.46554783,-0.17653996,0.1370313,0.4291105,-0.27299255,-0.43367112,
0.25116992,0.3665985,0.002035424,0.29517648,0.36101612,0.011972131,0.7966395,-0.07071416,-0.05758742,0.2773847,0.02681783,-0.13915044,-0.14429563,-0.26890203,-0.25512302,
-0.45625773,-0.3119919,0.21173152,0.22281028,0.16812356,0.31378567,0.5316697,0.09701025,0.3449334,1.4460925,-0.3440675,0.070838444,0.42238274,0.3616857,0.28984854,
1.5269321,0.35592535,-0.14248148,0.39227244,0.17979309,0.5160664,0.051479347,0.08754127,-0.19866453,0.32360354,0.39279488,-0.002877562,0.46857685,-0.16449985,-0.043193195,
-0.2623271,-0.19403689,0.3984043,-0.55526304,-0.1723388,-0.19423963,-0.25179383,-0.14867286,0.09594658,-0.32727706,0.1518773,-0.45394602,0.047017723,0.46420985,-0.12566957,
0.68510854,0.15979938,0.08363243,-0.38243395,-0.33979493,-0.56280905,0.16722603,-0.3962496,0.19427033,-0.33853018,0.16847625,-0.0026892582,-0.11753984,-0.2849224,-0.27825058,
/
-0.27071178,-0.31618828,-0.20189227,0.26792133,-0.30220503,0.38433844,0.19788447,0.040203314,0.3798375,-0.32816452,0.33664832,-0.1637967,0.23580298,0.39381456,-0.38772658,-0.07916762,0.23480043,-0.020509733,-0.3152762,-0.26090416,
0.14752461,-0.4119879,-0.23675232,0.16222936,0.19748,0.12248309,0.055719398,-0.10896239,0.27322298,-0.12816976,0.47125942,0.29844412,-0.22945626,-0.3096301,-0.046742413,-0.08591282,-0.110308394,0.36387396,-0.08028567,0.44242877,
0.17281964,0.1590324,0.46516612,-0.05991021,0.25712863,-0.30398852,0.33714738,-0.23869522,-0.17772481,0.45942706,0.05998304,-0.350694,-0.39605182,-0.48840818,0.20714372,0.20711544,-0.2956233,-0.20584086,0.35040227,-0.31362668,
0.3739882,0.25509775,-0.26615578,-0.22142987,-0.16346717,-0.049479738,0.30370122,-0.17275713,-0.296722,0.20500998,-0.11151804,0.41643947,-0.23640423,-0.13709106,0.31078228,0.362853,0.16705191,0.36450016,0.25223288,-0.3054698,
0.52286315,-0.433014,0.075210534,0.22242236,-0.31769028,-0.41834792,0.1242769,-0.23879091,0.37891236,0.33106196,-0.47047386,-0.35467997,0.0793766,0.43280068,0.32482976,0.07703296,-0.29773265,0.29569063,-0.18725906,-0.2361489,
0.19328505,-0.48961616,-0.46853366,-0.23133391,-0.44619408,0.1735413,0.021469919,0.108941145,-0.13314322,-0.4617149,0.3283775,-0.26372784,0.45758772,0.48646718,0.21663359,-0.4087249,0.15194574,0.41802055,-0.019996943,0.33576053,
-0.10359808,0.38534978,0.08671486,0.20991312,-0.06932272,0.37952432,0.20883726,0.026946068,-0.38372937,-0.012615081,-0.19995753,0.30675265,-0.19670998,0.48559055,0.25128332,-0.4421325,0.51956075,0.1166785,0.39744565,-0.26339152,
-0.29244846,-0.24557734,0.28401962,-0.40459478,-0.0860191,0.20861498,-0.4628,-0.48553032,0.22875115,-0.4192524,-0.0026072073,-0.24585304,-0.100180894,0.07731891,-0.22749823,0.30703074,0.29903695,-0.04062982,0.01447677,-0.16759034,
0.49080345,0.26666018,0.33173922,0.16972455,-0.09660986,-0.4331204,0.2520546,0.011176179,0.23155026,-0.21796854,-0.099074006,0.12223646,-0.43520415,-0.11887784,-0.38514915,-0.26801506,0.26835388,0.2580501,-0.17937993,-0.19989991,
0.032499053,-0.24561703,0.00296049,0.34196365,-0.0972417,0.28010783,0.4282498,0.3223487,0.05296825,-0.17107275,-0.21998739,0.036089107,0.3093317,0.34391436,-0.15381932,-0.46846017,0.07909025,0.31734255,0.47320005,-0.4055792,
-0.44310603,0.062186923,-0.048089527,-0.21021804,0.07834138,0.04902272,-0.03343604,0.23098464,0.16677795,0.34810272,-0.13262908,0.16053692,0.28707477,-0.32692572,0.11304065,0.087876625,0.2145807,-0.02029428,0.29173645,-0.0014778909,
0.35340533,0.13523261,-0.29614326,-0.32917714,-0.0798132,0.018727995,-0.28825662,-0.40711096,-0.42447647,0.03321767,-0.096165165,0.39223298,-0.40457937,-0.37590006,0.117792904,-0.122076586,0.38257122,-0.22143136,0.1235269,-0.12529112,
0.22814222,0.1953037,-0.493816,-0.26214534,0.011944259,-0.040471215,0.09626786,-0.148949,-0.02434388,0.28953272,0.40003878,0.36856267,-0.12429486,-0.15065281,-0.23980653,-0.32353285,-0.19862019,-0.20002182,-0.3713619,-0.029447418,
-0.039004307,0.45343944,0.43816796,-0.25243574,0.43892983,-0.2243591,-0.37965938,-0.13435872,-0.37596044,-0.28810242,-0.106050976,0.33498406,-0.34689447,0.3620421,-0.4297094,0.23543596,0.08906128,0.14051339,0.0782235,-0.24781528,
-0.05458103,-0.35070258,0.19061394,0.23954047,-0.36698943,-0.4495753,-0.2137726,-0.12806036,0.4737841,0.0903641,-0.33512616,-0.1949973,-0.35508507,-0.009935612,-0.024052372,0.20923601,-0.2933204,-0.2702784,0.4104278,0.0501046,
-0.059531607,-0.4508694,-0.100836,-0.056694433,0.018213302,0.4493566,-0.30713362,-0.3118974,-0.080227695,0.1656881,0.22869682,-0.5248505,-0.2684929,0.2315436,0.3883089,-0.15850317,-0.205368,0.46739158,0.025237802,-0.1178026,
0.3047732,0.5153218,-0.5207272,0.36065903,-0.20436071,-0.16998313,0.41438434,0.18848796,0.49768052,0.402023,0.3727327,-0.30219057,-0.10318635,-0.14702184,0.07553787,0.058442347,0.1202168,-0.097006775,-0.020065902,0.4649307,
0.23782718,-0.07866595,-0.0014303694,-0.16219407,-0.2743178,-0.15264657,0.33155167,-0.008660217,-0.060673527,-0.030641645,-0.19555785,0.38009337,0.2514766,-0.34036237,0.35828578,-0.2890818,0.3032921,0.111852966,-0.39479953,-0.49294585,
0.077953584,0.40828666,0.4481645,-0.074594714,0.26347598,-0.40785107,0.060482886,-0.19043623,0.3314053,0.27846166,0.17168376,0.26109973,-0.21753398,0.005587602,-0.52957004,0.18679425,0.10319056,-0.37510315,-0.20004834,-0.17117214,
-0.27042627,0.3540764,0.0029792453,-0.42674255,0.43317616,-0.37385347,-0.09912153,-0.0030429382,-0.31111437,0.54213035,0.22008874,0.32223102,0.4393358,0.13323978,-0.4903518,-0.026117833,-0.10941398,0.23245157,-0.33848736,0.09568827,
/
0.15075165,0.3366225,0.41667807,-0.003971631,-0.16790749,-0.35790083,-0.17668222,-0.37987038,-0.12806101,-0.09347138,0.2552619,0.063935205,-0.14902778,-0.3290877,0.38710657,0.20877935,-0.27049357,0.364604,-0.009804896,-0.33073512,
-0.30321908,-0.060785938,-0.09734017,-0.07338271,-0.17995124,0.47602022,0.5276145,0.0032772569,-0.18815632,-0.2371481,-0.39635393,0.3300653,0.3135726,-0.39767018,-0.23302561,-0.22785439,-0.447593,-0.16807921,-0.13926066,0.21911424,
0.35664046,-0.25963932,0.27706105,0.34890455,-0.33284596,0.12276367,0.24457331,-0.3768894,-0.15716861,-0.20629054,-0.062130798,-0.27089864,-0.46608374,0.01267109,-0.07395317,0.35330126,-0.2998676,0.032756384,0.24257103,0.14275315,
-0.36707023,-0.18877728,0.44588745,-0.23837861,-0.0887502,0.21815142,0.24926807,0.09594686,-0.15928559,0.00788744,0.120295204,-0.39838266,0.27805182,0.25451756,-0.16231503,-0.49555883,0.25365064,-0.45738798,0.39839813,-0.043360412,
-0.21506676,-0.37344864,0.10843774,0.22147998,-0.023820445,0.34926438,0.30874828,0.0077323313,0.10189813,-0.20076492,0.25083563,-0.22413996,0.0962087,0.20704663,0.109152995,0.20691821,0.08768074,-0.092063054,0.31022644,0.09735385,
-0.30098167,0.30724582,-0.3085106,0.18068174,0.4624921,-0.2193501,-0.24855554,-0.28979912,-0.07377603,-0.07723862,0.44852713,-0.17515495,0.0024847237,0.08194177,0.44262016,-0.1414951,-0.3791772,0.15287521,-0.05956583,0.25787935,
-0.28769377,-0.4273309,0.24071188,0.1495517,-0.25566635,0.15466575,-0.25351623,-0.23744541,-0.4539255,-0.3369346,0.3449088,0.2080443,-0.4555134,-0.0968478,0.39728302,-0.2893178,0.20797865,-0.33163813,-0.47575864,-0.14807625,
0.5155727,0.3398633,-0.42594695,-0.40335366,-0.4123531,0.4556915,-0.38455078,0.039578766,0.2771982,0.15937914,0.21203294,0.2159108,-0.28644723,0.39909184,-0.2743474,0.041268405,0.3132732,0.42111802,0.23673949,0.20999484,
-0.1606753,0.26967317,-0.24722368,0.42274424,0.062444203,-0.14225674,-0.36925876,0.32889366,0.16742086,0.3041129,0.34591687,-0.42334616,-0.13071705,0.13209568,-0.12664017,-0.2038506,0.022699693,-0.3290438,0.20523995,0.14128257,
0.26480895,0.03816279,-0.44270396,0.46303296,-0.012961373,0.29333565,0.14957397,0.057252377,-0.4710373,0.08251522,-0.43707564,-0.046147477,-0.4014757,0.32270068,-0.11542617,-0.15638535,-0.5119576,0.032322835,-0.44971636,-0.53501004,
/
0.16344346,0.07050106,0.09984258,-0.17937501,-0.12157227,-0.13477306,0.03842281,0.036791008,0.1022623,0.30899215,
-0.21702828,-0.11536915,-0.052848887,-0.11843552,-0.0038598785,0.18815602,0.05848121,0.03546681,-0.14098637,0.47881332,
-0.05601731,-0.029156381,-0.014641944,-0.27981803,-0.085280694,-0.05763099,-0.045814015,0.011081992,0.07815268,0.20681253,
-0.03175312,0.02411214,0.047608957,-0.2904603,-0.10180428,-0.0049165417,0.054028194,0.014435117,0.002383866,0.24040733,
/
