#537
-0.08029209,-0.31536642,-0.03398765,-0.24435884,-0.52606195,1.079033,-0.2421996,-0.51703024,-0.2611741,0.1828328,-0.16632634,-0.32143816,-0.117764644,0.10607625,-0.40269873,
-0.13069414,-0.40551826,0.02288605,-0.10584987,-0.12098836,-0.56979495,0.49185345,0.5662445,0.035650168,-0.23935525,0.16137865,-0.35614184,-0.16898528,-0.40085948,-0.3916638,
-0.40303203,0.45269167,-0.05901295,-0.48050046,0.21801038,0.59262925,0.30219844,-0.35928842,0.21969642,-0.12908123,-0.20630129,-0.19503659,0.015166336,-0.3045505,-0.28430736,
0.26971224,-0.061818365,0.28244528,-0.37253848,-0.046649043,-0.4028306,0.45773885,0.34557703,-0.24370976,-0.31897137,0.088623255,-0.49264857,0.061808527,0.32593682,-0.3882612,
0.33339348,0.0704077,0.19699259,-0.47238097,-0.16776477,-0.5474502,-0.22018026,0.007603042,-0.32055986,-0.106387086,-0.19264968,0.06949998,0.47302994,-0.32275447,-0.13027398,
-0.37945914,-9.358035E-4,0.7025297,0.7937705,-0.04803085,0.028628685,0.5516893,0.019841464,-0.37015912,0.4014509,-0.15490046,0.25401902,0.09875801,-0.015690638,0.071206346,
-1.6116015,-0.22776914,-0.48041505,-0.41870996,-0.37023008,-0.38116002,0.044974595,-0.17620695,-0.6189015,-0.44993684,0.26366726,0.09235949,0.15058172,0.36683396,0.10441265,
0.7294333,-0.35234717,-0.70900315,-0.10802415,0.36900234,0.1892378,0.2689358,-0.120401695,0.5419068,0.059317183,-0.43941328,-0.342568,0.4173761,0.45050752,-0.110459775,
-0.37668744,0.080937915,-0.29918388,0.022320986,-0.14912598,-0.31871936,-0.28901014,0.08592096,-0.0272087,-0.35979927,0.1593818,0.3552974,0.28023016,0.36929625,0.47428793,
0.25025713,-0.25237867,-0.44595307,-0.36054832,0.44686574,-0.20891884,0.71875584,-0.17197056,-0.23804285,0.46986455,-0.46102977,0.093013376,0.09070849,-0.26681206,-0.4582628,
-0.39986712,0.016581645,-0.27369654,-0.07103881,-0.45564836,-0.30417252,0.32916242,0.09156594,-0.5143059,0.12324231,0.04346681,-0.35408998,-0.135831,-0.14465652,-0.3223124,
-0.4675505,0.10832837,0.36149985,-0.2718862,0.4087076,0.2897648,0.37124282,0.26730955,-0.035494518,-0.01150818,0.045560542,-0.30280608,0.45213377,0.37471178,-0.14777817,
-0.35566977,-0.03995242,-0.21207021,0.030739013,-0.09761471,-0.3749058,-0.30071753,-0.460221,0.049591787,-0.22109187,-0.27654934,-0.2580497,-0.06350225,0.25481275,-0.43442023,
0.30721402,0.10438873,-0.4042123,-0.13126142,-0.4261924,-0.33051497,-0.30485088,-0.24975823,-0.5149331,0.124055915,-0.4940084,-0.055006918,0.2157923,0.28268334,0.27673095,
-0.005520054,-0.2785554,-0.2264957,-0.06336179,-0.0534051,-0.81939477,-0.54938525,0.25031853,0.05832518,-0.4866117,0.32385758,-0.13816127,0.4049224,-0.39788786,-0.06482701,
-0.25048497,0.23414764,0.3486002,0.3794585,0.111676544,-0.8323904,-0.5850618,-0.42791587,-0.1800734,0.29513353,0.08152759,0.114949755,-0.3678678,-0.21790339,0.10322372,
0.3381276,0.47754672,0.56497425,0.11013015,0.49692762,0.24389434,-0.23439534,0.48928082,0.34046984,0.23597223,0.034991812,-0.33727324,0.15787692,-0.37184763,-0.21276969,
-0.23708476,0.12879914,-0.6105583,0.23757249,0.51591283,-0.23656645,0.15134037,-0.42028707,-0.05390907,-0.0010120986,0.28704572,-0.10913532,-0.3819061,-7.909993E-4,0.23211303,
-0.56119424,-0.07706118,-0.5565226,-0.41327158,0.11127904,-0.49175867,0.29947713,-0.7060867,-5.863607E-4,-0.7529674,0.16742441,-0.48579395,-0.010246027,0.45747897,-0.3092493,
0.20310402,0.6165029,0.06583449,-0.04240453,0.13570678,0.3066476,-0.057001512,0.50171447,0.31432915,0.056666978,-0.13422668,0.02295527,0.073312074,-0.038799725,0.06657984,
/
0.17197928,-0.035643745,0.39445955,-0.09906915,-0.17919916,0.28342846,0.43145823,-0.31861883,0.258487,0.5101999,-0.0016077178,-0.25077417,0.26590574,0.50518894,0.46651727,0.14290954,-0.13062377,0.14733219,0.34321615,0.3656676,
0.27825755,0.38586557,0.3230744,0.2549411,0.16770542,0.40839276,0.02350007,0.15070544,-0.22929093,0.4957899,-0.3556545,0.28312293,0.08241092,0.25691488,0.24849266,0.38287437,-0.3560997,-0.46979204,0.10103996,-0.4065741,
0.18773188,-0.45414937,0.4829096,0.52248406,-0.37080282,-0.1887666,0.26916635,0.009894674,0.25735015,-0.1976402,-0.09319686,-0.41513127,0.46015364,0.47550198,-0.40777114,-0.2653051,0.24218963,-0.4137359,0.09334596,0.1141234,
-0.50012404,0.116166584,0.25584236,0.3400857,-0.020917868,-0.18872689,-0.14638399,-0.38436964,0.1297172,0.18991864,-0.31496432,0.4314006,0.3338828,0.046627413,0.07436111,-0.37624568,0.4799446,0.24234976,0.35380757,0.2334121,
0.2219712,0.34999442,0.13336681,0.271963,0.31048825,-0.44175088,-0.03186556,-0.058481812,0.5768357,-0.41033748,0.18290018,-0.036482126,0.5472756,0.021164138,-0.1807649,-0.29081383,-0.11666839,0.08514749,-0.07745019,0.3650755,
-0.16717903,0.1975694,-0.27905524,-0.05974277,-0.5176432,0.0741963,-0.13294403,-0.11840017,-0.21998982,0.37426427,-0.45399058,-0.13806812,-0.20693098,-0.27813724,-0.30077162,0.22920041,0.023342587,-0.20725659,0.11463915,0.40834323,
-0.16147196,0.11281586,-0.010611278,-0.44115278,-0.09027925,0.27924496,0.15915124,0.39714944,-0.3823398,0.19197705,-0.20902641,-0.37304482,0.027251039,0.1332297,-0.10152732,-0.30536094,0.04225027,-0.06019581,-0.26785383,0.14409487,
0.3861115,0.100921504,0.37343433,0.033260558,0.38574848,0.3905254,0.5088518,0.39308771,-0.16635336,-0.051914256,0.050486792,0.3736778,0.31094474,0.24654847,0.42674777,0.117264576,-0.35696462,-0.10841566,-0.37332743,-0.27679312,
0.21581426,0.06511291,0.25112525,-0.38120103,0.34833345,0.28315088,-0.047376074,-0.46332943,0.0075582666,-0.4563692,0.16156508,-0.014039527,0.15450874,-0.35145658,-0.16936344,-0.22511,0.12176207,-0.033992514,-0.51204485,0.089661755,
-0.39088285,-0.46229452,-0.34696975,-0.2423073,0.39306238,0.011200957,0.34472173,-0.045363393,0.27206895,-0.32133225,0.35584867,-0.24975239,-0.24175087,-0.5281292,0.40190974,-0.26361185,0.49348217,0.14347827,0.19588894,0.26721478,
-0.40407377,0.11449218,-0.4366371,-0.009843785,-0.29403982,0.011444228,-0.05642632,-0.056491476,-0.10937969,0.10024087,-0.14595596,-0.23048912,-0.45096916,-0.42619723,-0.37356603,-0.4792666,0.19025342,0.46676552,-0.34265995,0.060719658,
-0.3314745,0.39598486,0.095974244,0.30107123,-0.13975425,0.17029698,-0.094909854,-0.030394426,0.24838465,0.22531967,0.15929097,0.32593808,0.25323486,-0.35944462,0.4169028,-0.52716136,0.55156344,-0.27641967,0.17203057,-9.907674E-4,
0.17895171,0.47908652,0.14759289,0.3912523,0.0036468478,0.43349358,-0.51124585,0.05117152,-0.3213495,-0.085873835,0.040028125,-0.11111184,-0.20320818,0.2358219,-0.4255829,-0.22694635,0.48289257,0.28376147,0.08304918,-0.46848392,
-0.12736155,-0.41262144,0.012934105,0.018431794,0.03596466,-0.33747166,-0.28834856,0.2645921,0.43106252,0.015472524,-0.41784546,-0.06447247,-0.3067217,0.022570152,-0.009264096,0.42457113,-0.021829668,0.3298977,0.015662823,0.06534553,
-0.10159072,-0.34431762,-0.48643452,0.43192044,-0.04823581,0.31474018,0.034051586,-0.30834833,-0.009736185,-0.22264475,0.08436175,0.30795953,0.17789206,-0.32754537,0.2758719,0.35793358,-0.059372317,0.4159856,0.3304267,-0.38053185,
-0.12543325,-0.09317572,0.3487984,0.32637855,-0.2890287,-0.30878374,-0.24295928,-0.058038972,-0.07035238,0.11416587,-0.015405422,0.34511566,-0.45883647,-0.25065014,-0.40097567,0.2720761,0.5785776,0.53369665,-0.27497172,-0.006502587,
0.1410452,0.26080516,0.21952225,-0.20264287,0.034251105,-0.22192414,-0.004788246,0.24157406,0.4406211,-0.24987534,-0.076852195,-0.12687726,-0.023626117,-0.20475708,0.3558127,0.21482156,-0.5189962,-0.076536454,0.022617644,0.35885927,
0.07745256,0.32334968,-0.28286883,-0.011492969,-0.2658184,0.21975581,0.2751576,0.2593892,0.4163992,0.044517618,0.07597501,0.3630428,-0.31504068,0.4611499,-0.043941226,0.043657858,0.2938113,-0.13883984,0.38168314,0.21744296,
-0.47325802,-0.34772125,0.22754109,-0.08499334,0.089699745,0.46486768,0.44358334,-0.42412132,0.34671018,0.2654534,0.33523563,0.40605906,-0.096290454,0.11261757,0.39376166,-0.08863188,0.107541315,-0.12534468,-0.473752,0.32895133,
-0.036184244,0.115396604,-0.07911179,0.24990961,-0.37621498,0.39967558,-0.41571596,-0.1736706,0.2616059,-0.040433705,0.06632144,-0.17783384,0.33985403,-0.3301008,-0.1986803,0.17416573,-0.39391798,0.09895336,-0.37676263,0.42695472,
/
-0.5837117,-0.21461934,0.3220931,-0.2449117,-0.4280308,-0.17303145,0.083430685,0.022099825,0.1718228,0.4252517,0.5902104,0.26617798,-0.023380393,-0.029266538,-0.09137774,0.49615854,0.17255174,-0.12653859,-0.17767616,0.30023447,
-0.3659147,0.0013970403,-0.3745457,-0.3061829,0.17960463,-0.096168414,0.37618026,0.10886976,0.06045527,-0.26276898,-0.19946459,0.31314972,0.2982501,-0.10423249,-0.3148532,0.33451754,0.19633125,0.3744171,-0.2714945,0.060578465,
-0.14076541,0.28772092,-0.14508224,0.4214434,0.23159252,0.2653826,0.22295326,-0.020825548,-0.18714422,-0.26352802,0.44872448,-0.10622284,-0.26010168,0.20144409,-0.053228084,0.36597586,0.15253094,-0.31810173,0.0015615553,0.28847557,
-0.43344128,-0.33556843,-0.39155358,-0.2446808,-0.08918476,-0.45322692,-0.42064738,-0.4426306,-0.27432072,0.19969048,0.35445586,-0.112095185,-0.24112707,-0.31275842,0.011928839,0.34934926,-0.26192743,0.08945304,0.13868472,-0.16919689,
0.43115044,0.17996447,0.3766591,0.22161978,0.14858857,-0.3785287,-0.18479691,0.5098639,0.06754396,-0.2634963,-0.07337799,-0.14889857,-0.3992581,0.02177547,0.39182353,-0.07654424,0.043075375,0.40990573,-0.328703,0.3620802,
0.21984196,0.36383137,0.12977694,-0.21950564,0.3778261,0.011024326,-0.087297745,-0.39178884,-0.21744063,-0.111417055,-0.2341697,0.2053424,-0.2500395,0.47842145,0.0386834,-0.0524629,0.26347917,0.050815277,0.3520326,-0.0032470408,
-0.5018789,-0.57053113,-0.035056777,-0.011159454,-0.30724046,0.19660749,0.054851204,-0.14058736,-0.06449496,-0.19122621,-0.17711025,0.435209,0.0057507902,0.08859652,-0.27792543,0.26422495,-0.0765335,0.20254052,0.33752322,-0.28246823,
0.24951713,-0.30454794,0.40470478,-0.35445994,-0.027118031,0.1273534,-0.39383665,0.23490715,-0.27851117,-0.24238017,-0.083858766,-0.2259935,0.05506816,-0.3025007,0.23729455,-0.52605635,0.24816453,-0.32723877,0.39572632,-0.11300028,
-0.19518682,0.37670982,0.2931527,-0.22023572,0.26207048,-0.3617642,0.25222808,0.41531643,-0.30030018,0.19409072,-0.42265877,-0.33900765,0.2819195,-0.26117763,0.4963621,0.084240004,0.46776155,-0.45811936,0.061805483,-0.031200228,
-0.4448031,-0.12877025,0.3378835,0.13982835,-0.16556068,0.24349691,-0.028254678,-0.14106388,-0.14058146,0.067930326,0.17608336,0.426661,-0.3171082,0.30833483,-0.14831808,-0.20794564,0.31612948,0.3444474,0.42710787,-0.21121821,
/
0.2334861,-0.06913002,-0.0044385963,-0.13649926,-0.24813561,0.12822002,0.253951,-0.30066603,0.2098689,-0.03926441,
-0.05987772,0.04070081,0.14663531,0.114508174,-0.23680091,-0.15583242,0.33609244,0.19443917,-0.08391995,-0.1272928,
0.37394378,0.04266855,0.017881483,0.020058993,-0.03171988,0.27984285,0.29780272,0.1059567,-0.23943828,-0.20959608,
0.1715086,-0.016850201,0.0934447,0.020336032,-0.20876004,-0.14415385,-0.2240992,0.16884206,-0.40260884,0.03641446,
/
