#117
-1.2348794,-1.6952289,-0.3631147,-0.71478623,-1.0113031,-1.1556686,0.13632531,0.16382547,0.3240703,0.007475879,-0.0894962,-0.29028237,-0.21356826,-0.4459244,0.3821444,
-0.36984187,-0.31670552,0.07362349,-0.274341,0.33352596,-0.48232934,0.28760082,-0.49696407,0.033491295,-0.34253898,-0.49132508,-0.19895896,0.4234239,0.2965606,-0.18067423,
-0.5666807,0.04191824,-0.2145092,-0.14368573,0.35691863,0.92242986,0.085762456,-0.27122414,0.89131606,-0.44157103,-0.13810796,-0.23776403,-0.33741254,0.18060985,0.42567086,
0.5721703,-0.14135534,0.14980799,0.63177496,0.5943596,0.6458914,-0.043785922,0.2654531,-0.056153,0.16852693,0.10297882,0.10476122,0.07671478,-0.0022832947,-0.054835003,
-0.33564293,-0.67097336,0.41135663,-0.6430641,-0.019876957,-0.75038874,-0.051539335,-0.34573835,-0.120703354,-0.2685268,-0.24226078,-0.16969612,-0.14708188,-0.36611864,-0.43743083,
-0.60003394,-0.8070858,-0.11427944,-0.12846804,-0.6283269,-0.06689796,0.09426957,-0.47081143,-0.17055969,0.081649184,0.018920615,-0.49165788,0.28263494,-0.0653794,-0.07505325,
0.15794535,-0.021068517,0.30459902,0.046856206,0.30333492,-0.37379313,0.060552947,-0.53261185,-0.77891785,0.016297095,0.025840322,0.070373245,-0.3898348,0.3364655,0.28939876,
-0.30745158,0.046773463,-0.3294321,-0.28221315,0.49654806,-0.3873543,0.14292252,-0.33082575,0.6190526,-0.15540978,-0.39347017,0.28053814,-0.4175412,-0.2796703,0.36087257,
-0.7457499,-1.4842153,0.10493432,-0.302729,-0.16208132,0.41077513,-0.06316923,-0.50195223,-0.35866556,-0.5356672,0.31294632,-0.386679,-0.35933495,0.30542326,-0.30577874,
-0.26929832,-0.03285473,-0.450831,-0.057813354,0.091118865,0.66727155,0.40838623,0.28100088,-0.26907343,-0.0723983,0.4494583,-0.48476836,-0.40988514,0.33810714,-0.2066103,
-0.054207128,-1.1124996,-0.47045732,0.11070355,-0.18587239,-0.11044546,-0.4433739,-0.18910484,-0.35062906,0.24030831,0.12803857,-0.27996695,0.4059022,0.08228575,-0.3747334,
0.17117165,-0.30639192,-0.4077335,0.35521835,-0.43656895,-0.22074024,-0.73587257,0.18503444,-0.65110683,-0.6100136,-0.18234512,0.1633232,-0.22256902,0.45472458,-0.0022304885,
-0.55441993,0.094159335,-0.15728377,0.28546524,0.5818514,-0.668361,-1.0284454,-0.92470145,-0.34940544,-0.029625878,-0.27401444,-0.18577364,-0.2027807,-0.19241306,-0.22694898,
0.020434739,-0.5681968,0.10727997,-0.5765008,0.2929661,-0.68643194,0.51135135,0.2569836,-0.2890215,-0.3210747,-0.2666277,-0.39763066,-0.08733642,0.23718858,0.47690544,
0.80569357,0.022876255,0.69883347,0.6125682,0.633502,0.46158054,-0.009017587,0.41780972,-0.13797396,0.191594,-0.19512928,-0.10867303,-0.27244866,0.30976474,0.31231713,
0.8701378,-0.7500958,-0.102700286,-0.62587005,-0.9671535,-0.80414087,0.40519825,-0.07310341,-0.04647305,0.049782947,0.3160306,0.021726288,-0.49465165,0.1951274,0.24194127,
0.011349266,0.32339394,0.4775836,-0.022143653,0.4889678,0.12416054,0.13088241,0.4626196,-0.0888184,0.31981507,-0.15789355,0.44468677,0.08160212,0.1815103,0.030941484,
-1.029729,0.027835488,-0.6051681,-0.4823824,-0.19254625,-0.04200463,-0.2947961,-0.07697574,0.1726625,-0.064755276,0.42843243,0.11048617,-0.29878595,0.29330352,-0.21325411,
-0.38842678,-0.49261442,0.5708542,-0.15293945,-0.17408045,-0.54034126,0.19615692,-0.05841895,-0.29613268,-0.16503508,0.1300338,0.47008213,-0.25827459,0.35865697,0.080235764,
0.019438094,0.24097192,-0.20525005,-0.77356905,-0.56214875,0.21620832,-0.96832424,-0.20959878,-0.0118805915,0.35496992,-0.52258384,0.26698238,0.1669703,-0.18802564,-0.43524307,
/
-0.22426486,0.1325753,-0.15947391,-0.33302552,-0.017968649,0.3233719,0.39357424,0.32748774,0.18040161,0.36464408,-0.09224206,-0.22565491,0.1593477,-0.29704905,0.37061688,0.094071925,-0.29817757,0.30120307,0.32043827,0.18116768,
-0.39910603,-0.04782865,-0.40002823,0.35390967,0.023294851,0.08313876,0.29424632,-0.072728194,0.29125667,0.08450144,-0.20121655,-0.048801903,0.119044565,0.09323365,-0.43942803,-0.3176722,-0.02194903,-0.30237967,-0.12986106,-0.31307897,
-0.43077362,-0.3181269,0.06437611,-0.0319973,-0.40129665,-0.1307996,0.19965163,-0.14990096,-0.051228628,-0.43453893,-0.4084935,-0.23722592,-0.14587341,-0.029999329,0.27429608,-0.1239988,-0.38480827,-0.5417835,0.119250156,0.4308238,
-0.45930505,-0.40886754,-0.06677237,0.042673394,0.13393398,0.14488168,-0.44909877,0.13408081,0.10124415,0.024192162,0.32892436,0.1054346,-0.043686606,-0.059705567,0.32943892,0.062583536,-0.14636086,0.14163966,0.12052532,0.21528856,
0.17940308,-0.17815918,0.29453704,0.23009627,0.121728934,0.39875782,-0.29724485,-0.42533377,0.28212702,-0.26148072,-0.44697735,-0.09516687,-0.055719953,0.3449293,0.24760453,-0.32772812,0.50281316,-0.45198768,0.33598685,-0.28078148,
-0.3937064,0.07912378,-0.20185882,0.2906463,-0.38666913,0.4558817,0.13043687,-0.30490574,-0.15728769,0.102042764,0.07572487,0.3001104,-0.4955468,-0.11630654,-0.2142976,0.038573906,-0.36170506,-0.051635034,0.3208444,0.39695647,
0.20148543,0.14779589,0.2625208,-0.17603624,-0.31344613,-0.27699092,-0.48960814,0.15227352,0.052595753,-0.31341484,0.47646493,-0.14670646,-0.21643344,-0.017159868,-0.39773652,-0.14350595,-0.057508405,0.089297846,0.13473931,0.4531716,
0.18669443,0.18217279,0.034045223,-0.28952125,-0.26626554,-0.4936715,0.13396396,-0.25930896,-0.2968326,0.21376197,-0.30919757,-0.054472357,0.34741762,0.1441614,0.5745801,-0.16737263,0.13787553,-0.3205147,0.10427955,0.04445788,
-0.26955992,0.37044027,0.40504065,-0.33006376,-0.14064232,-0.43524075,-0.13063194,-0.22422493,0.09508238,0.12160733,0.0692127,0.38323194,0.40258855,0.3739634,-0.34036553,0.04876742,0.0019056584,0.14647037,-0.23318931,-0.4778419,
-0.16961531,-0.010421156,0.17704286,-0.13066477,-0.05672134,0.083383515,0.169681,0.08659513,-0.116733804,0.3349298,0.04656394,0.44418803,0.29072145,0.13910551,0.28982243,-0.078768834,-0.07820818,0.24800904,-0.15878762,0.33093068,
-0.30747086,-0.38006976,0.42909172,0.010733804,0.16323714,0.14888637,0.43355173,0.08143108,-0.25921732,-0.34457976,-0.10590733,-0.1047404,-4.5726946E-4,0.22607432,0.071546994,0.29152983,-0.3307366,-0.38567045,0.44110128,-0.37744913,
0.43655995,0.10057091,-0.028348075,0.023060398,0.14682083,-0.2271765,-0.12432596,0.024735456,0.1469316,0.1065891,-0.05776324,0.408507,-0.25221616,0.15159091,0.15402229,-0.097478524,-0.28135425,0.34956592,-0.05605313,-0.28847516,
-0.466527,-0.18130505,-0.12545119,0.39189118,0.16490003,0.4060539,-0.25905895,-0.035589695,0.13034219,0.12307686,0.0554974,-0.3867514,0.29538155,0.03768208,0.46213186,0.14405698,0.37829602,-0.35558194,-0.30675134,0.11737563,
-0.08071626,0.49873206,0.18219018,-0.18222444,-0.27234563,-0.24224748,0.39557254,-0.06913795,0.013124298,-0.2293248,-0.43671092,-0.03733654,0.105607316,-0.22129345,-0.14419024,0.08780482,-0.39774182,-0.18162866,-0.3537681,-0.49611995,
-0.43615073,0.25625038,-0.3438116,0.33131546,0.11122554,-0.29787433,0.07286206,0.28008863,-0.2155018,-0.1999049,0.005424292,0.4298314,-0.38503847,-0.29369318,0.42148226,0.04182681,-0.1748973,0.3195349,-0.38743198,0.21881448,
0.26519474,-0.25554973,-0.2285403,0.30970803,0.426217,0.26645198,-0.099709444,0.121941596,-0.2658428,0.06513699,0.3659368,-0.15679634,0.050691005,-0.3169653,0.04199919,-0.32633898,-0.44224557,-0.2248219,-0.23423937,0.26801783,
-0.4284431,-0.3505096,0.14391778,0.10419575,0.3271484,0.48212358,0.28387552,-0.08103852,0.43137673,-0.17301707,0.14149565,0.11934967,-0.19638251,0.20674808,-0.47263238,-0.48934814,0.2129185,-0.10661849,-0.018966451,0.3297648,
0.1845174,-0.2940166,0.30513445,-0.24413952,0.22114062,0.16047966,-0.3252734,0.26324415,0.05278936,0.27466494,0.30131245,0.15965518,-0.19663423,-0.41222346,0.18293718,-0.049377836,-0.4601636,0.04777945,0.45174816,1.13128524E-4,
0.32019043,0.0046689343,0.29290396,-0.1587662,0.0997756,0.2862711,-0.22679868,0.027604342,-0.08678068,0.16589458,0.29634798,0.4147311,0.32828975,0.44475025,-0.004594503,-0.07739897,0.16362597,0.21751992,-0.16719961,-0.357651,
0.27348396,-0.019177508,0.46625844,0.4319083,0.46123978,0.35709542,-0.19412142,-0.1529046,-0.36030164,-0.22408178,-0.05501463,0.27128428,-0.46956995,-0.13873616,0.43116325,-0.07863746,0.39699388,-0.30072588,0.31347263,-0.46042457,
/
0.18097277,-0.053474654,-0.2937161,-0.20456372,0.13911472,0.04177427,-0.2504203,0.17755613,-0.1022754,-0.1517054,-0.15710141,0.22427924,0.29944897,-0.49400222,-0.37746596,0.0796972,0.055751607,-0.41888645,-0.044627924,-0.22775397,
0.059657436,-0.29674414,0.44402233,-0.1700061,-0.011020897,-0.17205726,-0.0632817,-0.16323121,-0.450538,-0.180476,-0.12328018,-0.063486576,0.06141029,0.32405,-0.08509297,-0.15231398,-0.301297,-0.0016359037,0.23517363,0.38680556,
0.09774576,0.118019275,0.2622652,0.22601345,0.09750867,0.0072212494,-0.027226044,-0.09416455,0.13676104,-0.25258493,-0.026632156,0.0780909,0.35272565,-0.2873267,0.0018663084,0.1838704,0.23920912,-0.15771888,0.07713041,-0.3767827,
0.107055224,0.19301443,0.15826416,-0.2847985,0.18717586,0.0463191,0.06869245,0.01929778,0.19740213,-0.20840438,0.16930515,0.37888804,0.40489656,-0.43740743,-0.060847756,0.25300896,-0.13381177,0.19609982,0.17114004,-0.124549456,
0.045837812,0.13811326,0.3763818,0.03729014,-0.3298398,-0.05658922,-0.35795894,-0.39604157,-0.03958171,-0.12947172,0.084855534,0.11679526,0.38075578,-0.24741857,-0.2207597,0.31531617,0.0534185,0.12506919,-0.08325174,0.26284844,
0.32182088,0.23817317,-0.008273878,0.31595185,0.15620323,0.043703683,-0.1908529,0.15094721,0.29215413,-0.43161917,0.18309423,0.18566155,-0.39075017,0.1311682,-0.17206432,0.15157537,0.24933966,-0.28878683,0.024975399,-0.21996437,
-0.41813752,-0.11356688,-0.19928023,-0.31653985,-0.08003246,0.41512635,-0.051077362,0.39581427,0.18340978,0.12889303,-0.12707049,-0.038845062,-0.28121608,-0.31755042,-0.29107705,0.050830428,0.17455073,-0.39756805,-0.3180642,0.22353186,
-0.22358564,0.390463,0.44532594,0.2078378,-0.052451342,-0.3102857,0.0020927056,-0.48028663,-0.37578708,0.17922677,0.12810762,0.0807862,-0.3784939,-0.09571766,0.09992168,-0.17942137,0.31513044,0.24222659,-0.056888893,-0.18552572,
0.19012001,-0.33458388,-0.07451622,-0.487999,-0.02333218,-0.008977018,-0.09514326,-0.15128873,0.0785776,-0.27510452,-0.1680069,-0.32838857,0.12389577,0.0744585,-0.15212978,-0.14163512,-0.2921007,0.120321736,0.07544107,0.18189673,
0.022125067,0.38132986,0.057361994,-0.34679165,0.31099218,-0.103895985,0.38707846,-0.42849773,-0.255329,0.045871455,0.23445839,-0.22161187,0.26595083,-0.11784829,-0.3347885,-0.20718212,-0.027504047,0.22625604,-0.09779942,-0.17263848,
/
0.2045535,-0.3652501,-0.3958095,0.113382444,-0.062207956,0.21779649,-0.08918961,0.057292316,0.048766434,-0.057762243,
-0.2034885,0.32906026,0.44809365,-0.0778798,0.06639647,-0.25054055,0.020375475,-0.061278168,-0.08647967,0.043128658,
-0.01195642,0.0012828493,0.020529604,-1.2773415E-4,7.0160534E-4,-0.0045848256,0.013142114,-0.009222202,-0.00997755,0.00841909,
-0.0028850837,2.920013E-4,-0.013696451,0.006580756,-0.010501863,-0.015132945,-0.008253937,-0.018040938,-0.005387063,0.002863272,
/
