#209
-0.010793787,-0.12783062,0.26729792,0.1353494,-0.21576796,-0.0033060522,-0.26292443,-0.29039142,0.3332675,-0.25410345,0.31456333,-0.496613,-0.5252889,0.13010685,-0.45740488,
-0.3521991,-0.20396382,0.14442034,-0.36678687,0.12274638,0.016312534,0.033021744,0.24216215,0.24112596,-0.49851397,0.25674802,0.18653965,0.04846828,-0.24431282,0.048030283,
-0.28650382,-0.4331538,0.1726526,-0.30338213,-0.114030585,-0.42235294,0.30678257,0.178829,0.022228803,0.16832153,0.24574713,0.22668472,0.3550215,0.27706185,-0.18224776,
-0.0728182,0.17754026,0.24873248,-0.45446193,0.4200132,-0.15734386,-0.2513667,-0.121171296,-0.13840464,0.013261536,-0.15867674,0.20268326,0.27490178,0.18593319,0.116948195,
0.11414224,0.05976626,0.23276058,-0.33162946,0.40092546,-0.44499496,0.25168023,-0.1874008,-0.23992777,-0.042673122,0.01678283,-0.26651287,-0.30103233,-0.34511524,0.14245394,
-0.27792025,-0.44187522,0.27779204,0.14206517,-0.17948683,0.40157333,-0.1977539,0.21958421,0.04844099,-0.059246678,-0.0693514,-0.110291705,0.42773712,-0.14464551,-0.23461384,
0.04218129,0.41169336,-0.046104345,0.14305323,-0.4068113,0.18062124,-0.38606104,0.27591994,0.32670295,-0.35112402,-0.3762439,-0.46951935,-0.46763912,0.23449251,0.5099982,
0.44634837,0.18008268,0.11168051,-0.16684946,0.0032122082,-0.15086915,-0.43138352,-0.11533375,0.1806456,-0.3592753,-0.10875085,-0.1478825,0.05780354,0.46280646,-0.06154732,
0.19206586,-0.2499945,-0.46752897,0.22458781,0.065995,0.12628378,0.3538208,0.0077440976,-0.36864033,-0.055101488,0.2778835,-0.39604843,-0.3662188,0.17253406,-0.056661814,
-0.36555356,-0.32827994,-0.3005325,0.055402968,-0.21383688,0.49327794,0.04557471,-0.41582316,-0.18806855,0.14688477,0.27203813,-0.03851936,-0.1811431,0.19359022,0.16143015,
-0.3040716,0.011663363,0.3157752,-0.10882025,-0.37908942,0.29100984,0.35938358,-0.30173156,0.4157044,0.4351494,0.23706913,-0.41796693,0.07422491,0.26207992,-0.10038789,
-0.5588352,0.2786951,0.15328059,0.09946148,0.2314333,-0.19933292,0.13193306,0.004350551,-0.106401294,-0.550098,0.2774468,0.17725357,-0.37097898,-0.08952623,-0.33435783,
0.07422912,0.36983192,-0.058402464,-0.22006492,-0.34781367,-0.52743787,0.216123,0.12580982,0.2861952,0.019554043,0.30310515,0.026650367,0.020586392,0.167619,0.12895775,
-0.4101298,0.12573668,0.38021332,-0.08527823,-0.29958695,-0.08409463,0.1114054,0.3891136,0.40729812,-0.4584333,0.0044117826,0.24678825,-0.1747468,0.012463134,0.27829802,
0.397879,-0.23595196,-0.13734971,0.03585089,-0.009010665,-0.043258037,0.50691336,-0.26615173,0.40311354,-0.17261484,-0.41353205,0.093521014,0.04458409,-0.27601004,0.143219,
0.31514955,6.516708E-4,0.059312344,0.14536002,0.39903647,-0.35407802,-0.415256,0.366452,-0.30640242,0.32142413,-0.34557837,-0.120268635,0.3692848,0.20544739,-0.09118927,
0.07560882,0.25213414,0.3185874,0.05950605,-0.23054498,-0.31158558,-0.46808627,0.25224575,-0.2981878,0.06409502,0.061060734,0.19259295,0.381368,-0.24465367,-0.2940167,
-0.07714655,-0.37262738,0.16654807,-0.32208604,0.1758488,-0.14723963,-0.0022523804,-0.1880019,0.32941258,0.12675734,-0.28367323,-0.16888934,-0.026002109,-0.2731411,-0.31123936,
-0.24203098,0.07052346,-0.4104042,0.3365741,0.3673888,-0.17516279,-0.4917495,-0.15456077,0.008969555,-0.37401283,-0.22623634,-0.16589266,-0.40229,-0.36184978,0.15458679,
0.096625365,0.45705664,0.2916931,0.15957697,-0.10321714,-0.35770494,0.18911436,-0.40543693,-0.44796163,0.4598699,-0.0031908178,0.0826572,-0.4396539,0.017242279,0.21715446,
/
-0.27916455,0.25812227,0.36449337,-0.25147986,-0.6260205,0.05013226,0.1917401,0.36939406,-0.19600329,0.08960766,0.20497777,0.04054871,-0.10717001,0.34757552,-0.17857456,0.40566725,-0.42781043,-0.1486288,0.28635052,0.18518174,
0.26731187,-0.09037032,-0.18166745,0.29695433,-0.2537429,-0.4760826,0.055646434,0.08941808,0.2724735,0.14320096,0.31888276,0.13741435,-0.36068583,-0.15543097,-0.21020925,0.06898938,0.21195348,-0.37364736,-0.29716372,-0.17117101,
-0.52256805,-0.40957305,-0.074160315,0.16768003,0.3961109,-0.050598007,-0.3664397,0.38771048,0.11457456,0.2595812,0.30773973,0.15585905,-0.51480216,0.13769771,0.44029012,0.28217107,-0.27773216,-0.4086912,0.47324145,-0.18123168,
-0.47494322,-0.13707198,0.09878897,-0.03665633,-0.3724423,0.06895455,0.47443497,-0.14390935,0.42214847,0.321942,0.053360328,0.40839553,0.16819131,0.055824958,0.3301291,-0.32302976,0.16897418,0.47584894,-0.410965,-0.42823178,
-0.28877163,-0.18022525,-0.117784284,0.02651872,-0.05195311,-0.14161728,0.04291163,0.23325093,-0.108481884,0.077172145,0.23486494,-0.20780694,-0.26133406,0.2671086,-0.40974137,-0.018366026,0.0073293345,0.40790927,0.1894616,0.01255891,
0.23843224,0.30854997,-0.42522192,-0.36567244,0.16245548,0.38730466,-0.3603523,-0.04156364,0.063996196,0.12463922,0.19015653,0.18820891,-0.07658878,-0.029832823,-0.2050178,-0.021482378,-0.40417388,-0.33642843,-0.01902038,-0.27650198,
0.024856027,-0.1854177,0.069858074,-0.21010159,0.11959751,-0.05191882,-0.33897817,-0.1753386,0.06680708,-0.011523007,0.05076576,-0.07468361,-0.1950531,0.17658608,-0.09207199,0.18728894,-0.053899016,-0.49540576,0.31459916,-0.107952975,
-0.15613362,-0.058008414,-0.4586053,-0.28365386,-0.24514063,0.1252051,0.40135017,0.3337941,0.17595086,0.36215168,-0.29139262,-0.17285149,-0.37847382,-0.2397124,0.016384242,0.31726265,-0.17736721,0.42408246,-0.037979495,0.5480194,
-0.33342183,-0.03992456,0.2511186,0.076997355,-0.37383193,0.19552499,-0.32847708,-0.2896647,0.27847117,0.37069076,0.36684364,-0.2770523,-0.3870498,0.057923574,-0.024468392,0.068542294,-0.4819666,0.24668674,0.38462454,0.44568425,
-0.1895277,0.4314029,-0.043397512,0.43504113,-0.36629283,-0.5141144,0.50705683,0.31112087,-0.33648875,0.16917837,0.27555594,0.4864518,0.26873383,-0.24112941,0.3763641,-0.07224971,-0.34897348,0.37231433,-0.24893436,2.0492729E-4,
0.44263348,-0.40653512,-0.45870787,0.17021774,-0.120677896,-0.028255472,-0.41074532,-0.11363709,-0.17107196,0.30613032,-0.41684934,-0.118879676,-0.30277094,-0.19396164,0.3799096,0.034329623,-0.25438267,-0.39242736,0.24136649,0.11066578,
0.16049956,0.15986657,0.32187796,-0.13414982,-0.2621343,-0.0036129658,0.25813237,0.36527112,-0.035486486,-0.12733679,0.34108403,0.28302765,-0.0025113276,-0.15624249,-0.18751425,-0.10744797,0.20173694,0.21169099,-0.42417255,0.098396584,
0.085472696,-0.47774962,-0.07570592,-0.2006475,0.30420527,0.37035912,0.33280614,0.07384903,0.012678655,-0.16406144,-0.41356727,-0.22501922,-0.3064953,0.069028914,0.4256033,0.44802743,-0.063841715,0.2690176,0.24637134,0.2016414,
0.26750353,-0.26022112,0.26897994,-0.039904423,-0.19868688,-0.39775327,-0.17528805,-0.12737748,-0.105998255,-0.26166934,0.1194101,-0.09381731,0.024785843,0.37053257,0.0060973233,-0.11718084,0.28547105,-0.060001064,0.3786241,-0.23279822,
-0.45320958,-0.021324353,-0.1532418,0.41687605,-0.34675702,0.30178884,0.20959729,0.10247451,0.1703719,0.47745222,0.4298291,0.34106553,-0.24152581,-0.28510758,0.44094735,0.20908745,0.050654788,0.24105236,-0.4189262,0.45101085,
0.09494865,-0.208301,-0.10466647,0.33198804,-0.37942436,-0.28912535,0.08112545,-0.029464543,-0.27908048,0.40621516,-0.2419173,0.4126446,0.042800315,-0.23947959,-0.03284505,0.3952111,0.11020356,-0.21133056,-0.37040493,0.36150983,
0.40947923,-0.24994783,0.40484324,0.02723767,-0.33342806,0.308257,0.2106661,0.12295967,0.17609237,-0.05649353,-0.27057296,-0.35304472,-0.23719572,-0.15043901,-0.15221217,-0.43390304,0.051441655,-0.41169354,-0.4146618,-0.21308136,
-0.39198807,-0.42382556,-0.0676463,0.35671932,0.0031938804,-0.23566851,-0.04274697,-0.29961306,0.21410826,0.2729511,0.27540988,0.03722754,-0.060714103,-0.25080505,0.41236126,0.119349495,-0.33936995,-0.21394116,0.33499622,0.27996832,
0.2750812,0.15923147,0.06095357,-0.35959587,0.3113475,-0.30740654,0.3312864,0.070935175,0.05145199,-0.35285652,-0.44358507,-0.44783098,-0.032226957,0.09063222,-0.12315826,0.27998534,0.1366204,0.50912607,0.18084714,0.060607698,
-0.060016364,-1.034973E-5,-0.15493228,0.3824258,0.34968907,-0.45664757,-0.24425131,0.20811231,0.2235372,-0.34918168,0.109377906,0.15153782,-0.12177811,-0.10944997,0.36666322,-0.38473576,0.211092,0.27255374,0.15302046,-0.001572475,
/
-0.29797676,0.15641023,-0.034747157,0.129244,0.16331688,-0.07163067,-0.055376872,-0.11840949,-0.09153514,-0.036590394,0.25770524,-0.26919955,-0.02345664,0.21244617,0.1514251,0.22959852,-0.015612076,-0.048640676,0.2666236,-0.3031731,
-0.34311572,-0.3466236,0.14863934,-0.26218662,0.08730498,0.025802664,0.16167942,0.07785422,-0.2681666,0.3112452,0.1344227,0.06325702,-0.21053009,0.18181479,0.23487318,-0.0680335,0.15758474,0.08481191,0.2586743,-0.20084912,
0.26456124,-0.30576292,0.41288596,0.030876005,-0.15142964,0.28666434,-0.27428052,-0.08673133,-0.21150942,-0.10651442,-0.04422411,0.108583756,-0.30686456,0.15719303,-0.073977865,0.0010113344,0.052835803,0.48234135,0.49468243,-0.006166068,
-0.51717025,-0.043094266,-0.044412777,-0.17827697,0.19699329,0.06425605,0.02177895,0.12586676,0.28802678,0.09878374,-0.07784774,0.088561684,0.07271791,0.12501635,-0.18107136,0.21828477,-0.16965112,0.013621856,-0.16825925,-0.26417652,
0.23557724,0.09778365,-0.30342168,-0.13506629,-0.30267382,0.13873075,0.3084366,-0.09864737,0.14699274,0.18652539,0.09493538,-0.011958297,0.1805779,-0.09375779,0.30191955,-0.3350758,0.03750692,-0.29692483,-0.11366148,0.397092,
0.33433786,0.11458035,0.21184537,0.03571869,-0.41493255,-0.2280623,-0.3022512,-0.0049730805,-0.06931766,-0.36190954,0.20301121,0.21366109,-0.29468647,-0.13289417,-0.13547294,-0.26665512,-0.24722402,-0.071692474,0.05480875,-0.076764,
-0.17781466,-0.2378721,0.0906978,0.2743011,0.2798933,0.31474355,0.23518382,-0.29100344,-0.021859858,0.14034444,0.09022528,0.14044188,0.21002363,0.30538037,0.0024642716,0.3527189,0.1519153,0.13001306,0.21540694,-0.14158869,
0.19423732,-0.22175351,0.059765834,-0.18284906,-0.1320758,-0.26435304,0.29705867,0.23260322,-0.31208205,-0.20930815,-0.25031102,0.24931762,0.007576589,0.19974077,0.08998386,-0.030360425,0.019277787,0.1262889,0.07769083,0.47547337,
0.28872514,0.30108616,-0.109931834,0.2038245,-0.011432029,0.041363195,-0.39329368,-0.35650963,0.014653445,-0.35195604,0.24718595,-0.020902535,0.04540155,-0.24809171,-0.21579649,0.178953,-0.21683991,0.2779695,0.3078496,0.02550497,
0.3067859,0.34270677,-0.28683972,-0.03832859,0.018122682,0.22571184,-0.3344735,-0.48349288,-0.007415944,-0.18045546,0.06474518,-0.2697636,0.20344953,0.2931896,0.2756301,0.11465616,0.15413068,0.20591047,0.22664873,0.36985272,
/
-0.020976115,0.06559891,0.039894365,0.09244917,0.032211304,-0.08486757,-0.05411443,0.08570353,0.11453826,0.044743862,
-0.025971342,-0.007418319,0.051006943,-0.028135333,0.018678557,-0.08475748,0.020476941,-0.14063692,0.027790327,-0.09413387,
0.023616675,0.06184531,0.12876579,0.05412819,-0.015740532,-0.03785768,-0.02162623,0.059886497,0.04689414,-0.04877348,
0.03478683,0.054540087,-0.027819864,0.06885816,0.085659035,0.064823255,0.04303305,0.018268239,0.014862134,0.02034311,
/
