#2551
-0.26590565,-0.46956322,0.38926196,-0.31804594,-0.010671901,0.4562773,-0.2910434,0.5557768,-0.16542451,0.058245856,-0.14307417,-0.08603273,0.26300818,0.309757,0.24258702,0.45204157,
0.4292779,0.37857836,-0.51561683,-0.22706664,0.123044275,0.12454207,-0.05439846,-0.35666832,0.15165943,0.37518916,-0.3227717,0.15499233,0.6525484,-0.3423801,0.40441197,-0.53090745,
-0.23810093,0.46687207,-0.30199215,0.0256163,-0.04988664,-0.032241914,0.4065104,-0.16986352,-0.30290827,0.25350413,0.26087475,-0.32145968,-0.06343813,0.26288465,-0.17493977,0.2534931,
0.14509195,-0.45105046,0.24947117,-0.09071231,0.34853408,0.33904323,0.09292226,-0.20378168,0.06617289,0.175999,0.16222858,0.018684585,0.55960697,-0.49961895,0.25717232,-0.10850354,
-0.22868602,-0.49647528,0.4163855,0.118662514,-0.17123392,0.48232782,0.22951709,-0.44956845,-0.010525011,-0.05090697,-0.6432569,-0.058316078,0.46661672,-0.51932603,0.26345524,0.17818102,
0.05808657,-0.39574844,0.2957001,0.4496672,0.110247634,0.57776684,-0.0075076013,0.27355275,0.540779,0.21878019,0.005275398,-0.18004164,-0.16989028,0.28766158,0.35945746,-0.028115872,
-0.65735966,-0.016492335,0.3994091,0.283958,-0.17006007,0.5019614,0.5465961,-0.25307602,-0.5338236,-0.3468876,-0.24996667,0.31110945,-0.27931443,-0.21820058,-0.069455765,0.11621802,
0.21726587,0.4745422,0.08817165,-0.07039697,-0.23649189,-0.5624103,-0.510122,-0.10227401,-0.3440848,0.34333208,0.04293107,0.66915995,0.28402707,-0.21804035,0.085883,0.021457082,
0.78105426,-0.1495404,0.38457972,0.44188157,0.07068085,-0.67068446,-0.28011146,-0.37993616,0.4603022,2.5943277E-4,-0.24980012,-0.13438535,-0.33995467,-0.08420932,0.36839986,-0.17977338,
-0.3734104,-0.32261387,-0.519305,-0.46795797,-0.33127573,-0.012461496,-0.63128924,0.24555667,0.23450153,0.035337836,-0.20956756,0.087018885,0.019551985,-1.36177E-4,-0.3001371,0.2316251,
-0.3588857,0.22257586,-0.15991959,0.39197037,-0.24543998,-0.1538798,-0.28931472,0.43374458,0.31199372,-0.12059624,0.21953581,-0.17535883,-0.70090353,-0.553568,-0.34698498,0.52260756,
0.36117816,0.16503419,0.178417,0.1787132,-0.39827034,0.34397498,-0.13016044,0.14336938,-0.63425547,0.34793192,-0.09352038,4.388298E-4,-0.117748484,-0.5400221,0.22007117,0.045175318,
0.4130939,0.43721443,-0.06124218,0.42290542,0.15871516,0.3818657,-0.021064872,0.46524635,-0.4000823,-0.086491264,0.4553068,-0.18915899,-0.34191102,0.56158555,-0.3335371,0.13305183,
0.5286989,-0.013383071,0.045034133,-0.16735049,-0.11999183,-0.25664145,0.121839456,-0.32437706,-0.042284936,0.33439663,0.07704822,0.12971263,0.3559452,0.8117444,-0.030360641,0.63979393,
-0.2659557,-0.25312942,0.20477164,-0.18984541,0.03152094,-0.15246964,0.3163931,-0.007384326,0.3692168,0.17656517,-0.229959,0.044927597,0.06547156,-0.19684443,0.31390586,0.009404693,
-0.33018497,-0.11371615,-0.48482376,-0.44617364,-0.30021513,0.1136759,-0.013111546,-0.38845804,-0.11126267,0.38081044,-0.046345904,-0.094113044,-0.37741545,0.23924768,0.1353851,-0.26591823,
0.36527053,-0.20307747,0.5304993,0.4232003,0.548361,0.35281956,-0.31142074,-0.22801134,0.19161037,0.3269514,0.3804148,-0.088222176,-0.40885532,-0.59758395,0.4097411,-0.393076,
0.814048,0.8174279,0.045191865,-0.15151237,-0.83894867,-0.4680663,-0.25388432,-0.118687145,-0.31102243,1.0212325,-0.38775298,0.36716172,-0.41393194,0.08561741,-0.14860938,0.09607291,
0.23520829,-0.2757269,0.0033382364,-0.066646844,0.13447984,-0.23847148,0.11326503,-0.09760064,0.31892538,-0.08317554,-0.27631772,-0.26573822,0.44192877,0.10163605,-0.17950611,-0.21292554,
0.32563138,0.28093007,0.330883,0.17205283,0.28360167,-0.048114177,0.12675716,-0.07714945,0.09199458,0.50186247,-0.054546542,-0.15473412,-0.3182849,0.10811689,-0.25139806,-0.1427495,
/
0.007125874,-0.27357748,-0.112997554,-0.06709961,-0.11526727,0.3910257,-0.29744375,0.11266251,0.0029690033,-0.3997817,-0.31290746,-0.09703036,-0.36916143,-0.20860718,0.19407235,0.34666112,-0.27201623,0.39340168,0.18154506,0.067590654,
-0.03939043,-0.4263805,-0.106773436,0.30534816,0.20511746,0.34229976,-0.20332205,-0.095969535,-0.03248215,-0.20730151,-0.21167043,0.09393343,0.03474544,-0.09400635,-0.39150262,0.18425955,-0.21751586,0.04898351,-0.299537,-0.3440348,
0.34435004,0.04243924,-0.33601907,0.0017027099,-0.3783832,0.025484215,-0.24013837,-0.1728523,-0.18900777,-0.42854097,-0.08074701,0.33147082,-0.17157671,-0.15692315,-0.33994135,0.019055866,-0.29898316,0.16979794,-0.2895896,-0.33342597,
-0.074477375,-0.1751885,-0.29888186,-0.24246472,-0.1934193,-0.4686415,-0.26315182,0.20779264,0.3902821,-0.42689255,-0.04121787,0.39601195,-0.37449464,0.1558828,-0.20174406,0.06233938,-0.21796407,-0.086446546,-0.28102955,0.31252384,
0.046651654,-0.30282623,-0.13889907,0.10880672,-0.28060782,-0.2786161,-0.26817182,0.08358288,0.2315096,-0.10334563,-0.19533344,0.13616069,-0.19061725,0.13208708,0.20224133,0.057271287,-0.231433,-0.037856385,-0.112317204,0.22659773,
0.012899867,-0.3195374,-0.2935371,0.270115,0.33021897,-0.2782794,-0.16458566,-0.1422257,-0.36693177,-0.02512052,-0.1532566,-0.2949613,0.5451526,-0.12277597,-0.22865258,0.0867729,0.4379428,-0.32132402,0.016516713,-0.14142218,
-0.32836094,0.041509382,-0.23631135,-0.054882284,-0.38926134,0.49992284,0.1210501,-0.23368289,-0.24144797,0.3300359,0.2939414,0.1296837,-0.12362275,-0.23759846,0.00800926,0.33501822,-0.20248894,0.0346184,-0.112030946,0.22057198,
-0.057915974,0.04337535,0.05909815,-0.11349126,0.06580302,0.4249027,0.013615135,-0.059912972,-0.27395466,-0.06900623,0.21467048,-0.23695561,-0.14553982,-0.2033221,0.16150415,0.038566783,0.25611085,-0.25101334,0.0058970586,-0.3051756,
-0.08226816,-0.16961953,-0.24232212,0.29938343,0.035305638,-0.015707782,-0.17322096,-0.03156721,0.31758916,-0.008056842,0.03824342,-0.23698999,-0.12993923,-0.041533124,-0.003337686,0.26110074,-0.14883654,0.31284836,-0.19284935,0.18776603,
0.3291159,-0.03790869,-0.41385168,-0.00323968,0.4437362,-0.42801714,0.06067916,-0.4202523,-0.12726411,0.041383743,0.037189547,0.30600208,0.33592036,0.0675943,-0.2986544,-0.3227672,-0.049779963,0.041120093,0.27896547,0.20886432,
0.35120478,-0.19734861,-0.049316637,-0.17106847,-0.13718604,-0.49328578,0.080038555,0.1546641,-0.116937,-0.37572542,0.12710345,0.060259636,-0.20507586,-0.15477256,0.10646887,-0.24352378,0.3194603,0.12030025,0.45236546,-0.008940738,
0.15211113,-0.16897222,-0.16027465,0.2684882,-0.27693486,0.32925433,0.33196044,0.26218277,0.2954556,-0.0702239,-0.16886558,0.28609014,0.23149578,-0.048096374,-0.13153288,0.52921623,-0.6149616,0.14829028,0.32929102,0.3137444,
-0.009132922,0.09332034,0.31373474,0.20150158,0.337201,-0.29454306,0.25074998,-0.5007674,-0.18744306,-0.16164643,0.021689862,0.043859582,0.06272578,-0.20461059,0.23326313,-0.009922129,-0.2529133,-0.34912422,-0.28294256,0.39501613,
0.032754686,0.10889205,-0.25874585,-0.09021661,-0.29086405,0.45860082,-0.010619545,-0.28312463,0.050516803,0.2263585,0.14682288,0.37692037,-0.1976311,0.11046073,-0.0817361,-0.122512005,-0.09523946,-0.42820618,-0.37922424,-0.39210013,
-0.42241982,0.2557177,0.23596916,-0.21248281,-0.074205466,0.21504743,-0.14959097,0.037429627,-0.031139899,0.45552805,0.11922821,-0.07290332,-0.27241334,0.5123233,0.112632334,-0.2593517,0.56346446,-0.048291262,-0.39682814,-0.46699637,
-0.050874785,-0.31498718,-0.04564464,-0.19873926,0.4830283,0.066461675,-0.028123058,-0.4887581,-0.09295813,-0.3260611,-0.19158857,0.030018372,-0.2857496,-0.057933386,-0.23569193,-0.23387165,-0.07274755,-0.472384,-0.09094134,0.084013686,
-0.2730775,0.013616217,-0.053864166,-0.3295733,0.041617323,-0.02024123,-0.39354673,0.22653283,-0.05086123,0.33767223,-0.32048473,0.4376066,0.23718768,-0.028868636,-0.28842312,0.038760588,-0.1921071,0.4212084,0.08942777,0.26259264,
0.3357941,0.36770374,-0.07052522,0.19594377,-0.20676741,-0.20068792,0.022351861,-0.11802047,-0.020316944,-0.33216193,0.2714833,-0.19248453,0.39351386,-0.11053719,0.09309922,-0.061413687,-0.248093,0.23635347,-0.11634402,-0.5498341,
0.19456983,-0.0726166,0.29040852,0.4618815,-0.08003385,0.1969811,0.012429473,-0.019071873,-0.1399171,-0.40104312,-0.21155986,-0.17787401,0.047227375,-0.5169987,0.053601816,-0.07315177,-0.45628855,0.1038762,-0.058990095,-0.36704138,
0.20959772,-0.22931702,0.18979159,-0.3249986,-0.007248058,0.519419,0.30980128,-0.021654751,-0.2696456,-0.25098562,-0.054558236,0.23963536,-0.06323935,-0.3094813,0.3005848,0.12557231,0.07251546,-0.4092338,0.22015393,-0.2340492,
/
0.09196139,-0.08964355,0.038729608,0.08072495,-0.1470859,-0.04413782,-0.06309818,6.0067535E-4,0.044205394,0.029801311,-8.8517065E-4,0.08486428,-0.0418302,-0.024905194,0.05961859,-0.02609518,0.04394289,-0.07026929,0.037897874,-0.12171224,
-0.12484219,-0.11482692,0.12676114,0.019671327,0.003941573,-0.02873266,-0.07107852,0.064014964,-0.0099617075,-0.059172116,0.057786815,-0.003701713,0.08085412,-0.1300343,0.02909603,0.11342294,-0.012264006,0.10305343,-0.17861152,-0.065313056,
0.02063086,0.047414515,-0.04951001,-0.16703233,0.009977738,-0.10558283,-0.056644183,-0.12646513,-0.16561504,-0.011169493,-0.028038409,-0.1332161,-0.11441113,0.17721194,-0.06676817,-0.06401392,-0.09959383,-0.08437692,-0.03920283,-0.13801807,
0.060967132,-0.07933539,0.056505136,0.058915954,-0.13041174,0.038064044,-0.083695866,0.06120978,-0.044754617,-0.00722029,0.082354665,0.19501941,0.02983889,-8.89278E-4,0.13674563,0.07074184,0.024981411,-0.026965015,0.026447747,-0.14182028,
-0.08540688,-0.016275313,0.04994457,0.010670185,-0.10138803,-0.02760836,0.13326873,-1.0750408E-4,-0.104193635,-0.086193874,0.052293103,-0.0651743,-0.07326034,0.0032982414,-0.18551123,0.10837339,-0.09262278,-0.01564675,0.025471848,-0.11214763,
0.19535866,0.19306692,-0.24762827,-0.122474186,0.05421459,0.08099504,0.02511007,-0.014809557,-0.1901021,-0.12793162,0.0743122,-0.12585872,-0.018039906,0.24591511,-0.18686333,-0.06560173,0.1078541,0.16407067,-0.18137547,-0.08620842,
-0.09514126,0.028094988,0.054901324,-0.077951945,0.20369136,-0.048992094,0.023384988,-0.054886587,-0.06708449,-0.18751487,-0.07493867,-0.06634739,-0.034588736,-0.094784044,-0.23057039,-0.026925312,0.06798223,-0.14128631,-0.032910567,0.033260718,
0.058993623,-0.07569137,0.09964474,0.1309209,-0.08469108,0.037867025,-0.1210924,0.06958097,0.009289553,-0.006265446,-0.0090621635,0.16795927,-0.03720461,-0.08901248,0.14920561,0.12891214,-0.0385689,0.114843935,0.14186405,0.01759245,
-0.043810863,-0.037769303,-0.029480292,-0.021900391,0.10826581,0.09684547,0.09228828,-0.09098748,0.020994654,0.21705577,-0.12227532,-0.09261484,-0.10070234,-0.11525158,0.0951252,-0.061914127,0.08989548,-0.062763,0.13900393,0.17413038,
0.090859115,-0.018990524,0.1281377,-0.108448535,-0.07239624,0.036836617,-0.020783762,0.0633052,-0.023391547,-0.16347274,0.058289453,0.17220952,0.14727429,0.025188698,-0.0923023,0.08406895,-0.062064808,-0.064677246,-0.15556379,-0.13604432,
/
0.0844624,0.015456277,-0.073785186,-0.0010078601,0.027996728,-0.046496384,-0.033530585,-0.11051519,-0.018548384,-0.05443666,
-0.18202011,-0.025884822,-0.0926682,-0.10265831,0.11009248,-0.011760141,-0.0640073,-0.06392142,-0.0019948184,0.058731236,
-0.009132993,0.08623897,0.06521338,0.018503008,0.039917957,0.0035366938,-0.06391028,-0.020815745,0.021324262,-0.029286746,
0.051532373,-0.08957904,-0.10003112,0.0243825,0.0163189,0.024413897,0.07397529,0.012313758,0.0408151,0.06291121,
/
