#3412
0.6760057,0.30714288,0.11591487,0.14392331,-0.6691588,-0.5233702,-0.77739453,-0.36001733,0.4244188,0.5326306,0.21183398,0.5039698,-0.37328967,0.15786693,-0.22188106,-0.017126655,
0.7650925,0.32676727,-0.02120334,0.04910569,-0.18408273,0.15494056,0.18343574,-0.43535998,0.26444256,0.027489258,-0.5559411,0.5943898,0.41508985,-0.4587893,-0.5407617,-0.08372798,
0.100726366,-7.539829E-4,-0.4167523,-0.013569801,-0.17117456,0.10245741,0.31517345,-7.595751E-4,-0.034202654,0.3810865,-0.085487835,0.5344236,0.56160915,-0.72906756,0.34759298,0.22688897,
-0.50735193,-0.46926227,-0.32785413,0.1559496,-0.13947798,0.37782884,-0.17943905,-0.29610133,0.25465325,0.088093765,-0.10511876,-0.11712765,0.4648155,-0.5418434,0.1462588,-0.5169039,
0.031933334,-0.5099234,0.22770181,0.40219414,0.49265096,0.6810011,0.0718342,0.24775572,0.18139856,-0.5799303,-0.673366,-0.6331772,-0.46725628,0.20623468,0.14173864,0.14910783,
0.30698264,-0.23159,0.021317074,0.26240665,0.16495511,-0.09785898,0.5189094,-0.16747472,-0.11253342,0.117889106,-0.3769408,0.4020845,-0.511042,0.11537731,-0.6357972,0.031797286,
-0.9207488,-0.62489486,0.3772062,0.040852215,0.39994916,0.047454044,0.0075154826,0.19928934,0.28086618,-0.2503186,-0.1318871,-0.45780224,-0.064771116,-0.36086518,-0.3375839,0.15420423,
0.3066833,-0.104504526,0.36931202,0.028338457,-0.06586518,-0.3993954,-0.34975985,0.016126018,-0.027672214,0.45172414,0.5560511,-0.4437403,-0.13356633,0.13091536,-0.025202114,-0.0895823,
-0.35199082,-0.32672602,-0.23932199,-0.46218053,0.111442074,-0.047733255,-0.3026594,-0.53666323,-0.1266109,-0.05697569,0.17182893,-0.17029566,-0.19896847,-0.20634475,-0.467849,0.3697259,
0.1391272,-0.5571002,-0.069684945,0.2559218,0.5220994,0.1218623,-0.19450286,0.103042506,-0.16653383,-0.025226964,0.0800826,0.316718,-0.5524783,-0.4925203,0.20372564,0.2807134,
-0.20485768,-0.21143633,0.15186168,0.40055862,0.459993,0.045406338,0.46583846,-0.13566598,-0.18812333,-0.6346469,0.46806234,-4.4059838E-4,0.22936054,-0.5090117,-0.2442192,-0.26231146,
-0.004302202,-0.3239568,-0.5414207,-0.17714383,-0.5539504,0.0040841983,-0.066784024,-0.097757585,-0.41325474,0.4160292,-0.34443048,0.18869221,0.056917235,0.23509628,0.41205692,-0.38521087,
-0.42264184,-0.51790214,-0.4797778,-0.10046173,-0.32595915,-0.09442887,-0.39873898,0.2366789,0.16307284,0.29657346,-0.3668702,0.2631809,0.41128087,0.17371446,-0.09787949,-0.17233017,
-0.62218606,-0.14745004,0.35111675,0.21294396,-0.31642708,-0.23660919,0.15201934,-0.21851422,0.02611635,0.29267734,0.28117633,0.03628792,-0.27097365,-0.40641025,0.42727908,0.12718336,
0.034882735,0.1938548,-0.37085304,-0.087576665,0.12325691,0.22940764,0.067736715,-0.13076216,-0.14986229,-0.33217055,-0.19107506,0.38050094,0.02870607,-0.4052609,0.27398,-0.3049331,
-0.80597526,-0.5011678,0.038719807,0.25972122,0.5911084,0.5117077,0.20450471,0.05893859,0.19434492,-0.25707644,-0.095043145,0.010996539,0.50295943,0.69806975,0.38517666,-0.17338242,
0.4476313,-0.23621854,-0.015000419,0.2965382,-0.094847195,-0.09603227,-0.073083945,-0.1525159,-0.07752792,-0.11624827,-0.16521403,-0.24438372,-0.3679699,0.5426388,0.24908668,0.08501498,
0.1398827,-0.21389753,0.43634465,-0.26037964,0.18685606,-0.17474633,-0.4666232,0.365823,0.45440108,0.40231097,-0.14477898,-0.4289591,-0.26563987,0.09958287,0.30417845,-0.037258476,
-0.41987535,-0.54427606,0.23106922,0.32990202,0.53167,0.054030593,-0.12082819,0.17669347,0.12442797,-0.32989088,-0.12285563,-0.023152085,0.4991798,0.3500854,-0.18133557,-0.54488266,
0.060134184,-0.34058142,-0.25919724,-0.13218023,0.03528536,-0.04095966,-0.20421949,-0.27602744,0.058442064,-0.043279756,0.28541967,0.4508037,0.623819,0.21656373,0.31022,-0.1750704,
-0.49042547,-0.046400897,-0.10242296,-0.36304048,0.29617646,0.5756442,0.4044493,0.17894018,0.21282728,-0.83710504,0.27105308,-0.12897682,-0.22862923,-0.38173634,-0.1756787,-0.14506215,
0.31469053,0.16176094,-0.27855897,-0.29919207,-0.21039058,-0.17225967,-0.19368039,0.26023626,0.35205606,0.2622961,-0.13025637,0.32667187,-0.73655957,-0.4366959,0.3876672,-0.27645573,
0.35560396,0.49703294,-0.28511196,-0.36949313,0.4519812,-0.081796624,0.43759906,0.22063297,-0.38785028,-0.09460978,-0.59295505,-0.060419653,-0.23089227,0.057347674,0.28812522,-0.11617447,
-0.32716194,-0.35358503,-0.255042,0.0045101657,-0.27878737,-0.034308724,0.4482242,0.23818596,0.4931484,0.15628296,0.26585612,-0.24272487,-0.4165481,0.11554363,0.047910847,0.19432047,
0.580702,-0.026188515,0.28807047,0.23099674,0.1764184,0.05973846,-0.4732141,0.20654915,-0.39707574,0.28598943,0.03527531,-0.07617261,0.3085794,-0.539753,-0.19166037,-0.30375373,
-0.6435763,0.3093643,0.5273007,0.31075352,-0.17943911,0.5231249,-0.21434401,-0.17907558,-0.22722083,-0.20004818,-0.026370235,-0.2293688,0.1378617,-0.2627827,-0.37537444,0.51344985,
0.57054955,-0.21564648,0.37387037,0.0343436,-0.08994169,0.19356132,-0.3232444,0.40752232,-0.47345033,-0.25114354,-0.47793588,0.04806925,-0.21483624,-0.30413154,-0.11648248,0.069187865,
0.39984673,-0.30035466,0.45434737,-0.12543273,-0.2598831,-0.01626272,0.06558239,-0.26847118,-0.42773008,-0.22436172,0.17154989,-0.12684356,-0.46750483,-0.27143887,-0.12162375,0.46271154,
-0.056676764,0.004865264,-0.1957492,-0.36301896,-0.103082836,0.0071833995,-0.32277712,0.40998036,-0.07260868,0.340315,-0.4486963,0.08487469,-0.030490434,0.13326558,0.29599896,-0.04407154,
-0.5867442,-0.23971418,0.08739886,-0.22340682,0.13645665,0.34125933,0.6032359,-0.08256567,0.03689552,-0.026471073,-0.31789133,0.044474,-0.0075306143,-0.28328362,-0.27427337,-0.49831736,
/
-0.38338214,0.2299377,-0.09428681,-0.19043821,0.017875234,-0.26302466,-0.058143172,-0.45403567,0.2878992,-0.15759058,0.029574504,-0.14977929,0.44564724,0.3616166,-0.41000238,0.2715044,0.16412392,0.08193245,-0.29774517,0.1881624,-0.31538537,0.2663201,0.05765989,-0.08752206,-0.066283524,-0.3167115,0.41151813,0.13705766,0.04478722,-0.3696514,
0.12548678,0.4366433,-0.10317268,0.37164524,-0.38926408,-0.07346446,-0.011020655,0.03042549,0.13645898,-0.03305406,0.14919615,-0.038105104,0.3810152,0.22519504,0.27625814,0.20096165,0.16694678,0.05910474,0.33478573,-0.035039198,-0.49744764,0.18149272,-0.18851349,-0.16465458,-0.19573356,-0.013486109,-0.20186023,0.19058126,0.2969069,-0.23445944,
0.23982291,-0.2189501,-0.03083523,-0.48389512,0.20278619,0.18191417,0.2074482,-0.31189635,-0.5025413,0.28237617,-0.043052882,0.24787359,-0.36249298,0.3372274,-0.013114783,-0.5925338,-0.22374296,-0.33693776,-0.51075876,-0.49690053,0.13597052,0.52786493,-0.31273657,0.1600825,0.35720015,0.3037134,-0.02581572,0.492136,0.35723686,-0.0021200096,
-0.13279086,-0.19802193,0.07648548,0.14675376,-0.42759088,-0.27064377,0.4663686,-0.17588992,0.116729856,0.49133086,-0.2160842,0.30046573,0.031231357,-0.08217146,0.24382596,0.4661184,-0.03544745,0.46773338,-0.18085003,0.15273334,-0.18565704,-0.041996412,0.1869292,-0.04067343,-0.3633392,0.29769626,0.0497542,0.28695962,0.31721446,0.23315394,
-0.29702568,-0.16371879,0.1516638,0.21772903,0.26179144,0.23806226,0.14409171,-0.13416581,-0.44320837,-0.3932235,0.19817619,0.34180108,0.3534137,0.38568482,0.16720787,-0.17564002,-0.51054054,0.06210053,0.41081277,0.30552876,0.27722743,-1.7319844E-4,-0.2043701,-0.1453295,-0.07656788,0.15495905,-0.34555885,-0.1293811,-0.2721459,-0.44937393,
-0.32622877,0.32581604,-0.05256015,-0.35414878,-0.40801522,-0.09881658,-0.26503786,-0.10217795,0.38172403,-0.45885983,-0.42290646,-0.3118755,0.04774348,-0.3364298,-0.089264564,0.31079826,-0.04299289,0.39382812,-0.3852052,0.21424942,-0.24910274,-0.41100153,-0.023374127,0.42394063,-0.4373162,-0.03482209,-0.016173637,0.027682625,-0.35745308,-0.4526994,
-0.28728837,-0.110322036,0.09755657,0.32588592,-0.46828258,0.27957296,-0.19393794,0.018565029,0.15146497,-0.23487872,0.26558587,0.140685,-0.293406,-0.25689667,0.35754043,-0.34728718,-0.13826339,0.029425927,0.22484435,0.1575483,-0.2973837,0.4901229,0.19347297,0.090690844,0.10258352,-0.1808776,0.061611015,0.3191168,-0.28332877,-0.18408875,
-0.055779375,-0.1296942,0.19362734,0.44400522,0.31745282,0.19420545,0.40603024,-0.026218224,0.36371583,0.28376317,-0.18269464,-0.010370836,-0.08561238,-0.19100639,0.31809053,-0.3795123,0.12486789,0.36266512,0.21231501,-0.25016493,-0.37871832,-0.23514697,0.14008789,-0.39098218,-0.17026064,-0.024414131,-0.037393846,-0.25202042,-0.013960848,-0.17414927,
0.4290782,-0.08602605,-0.44874892,0.12077874,-0.4129631,0.30986133,-0.12163583,-0.13915275,0.3309553,0.21434443,0.17653468,-0.20437238,0.14390019,-0.45932642,0.2744406,0.43356267,0.44145522,-0.16794984,0.26544413,-0.21666221,-0.11699972,-0.31703508,-0.4210517,-0.02282,0.35707837,0.18090342,-0.39163128,-0.013775222,0.04440375,-0.20111895,
0.20755,0.030341588,-0.15169902,-0.109324254,0.12832099,-0.33117884,0.3639298,0.022527033,0.11143184,-0.10487151,0.08383259,0.012723752,0.45209038,-0.43367094,-0.12527932,0.21083471,-0.027443355,-0.09270758,-0.41476437,0.43848056,-0.020136727,-0.062470905,0.17927606,0.342884,0.042361125,-0.070935555,-0.14456385,0.30960125,0.22400673,0.029723829,
-0.5519354,-0.5260451,0.17583832,0.3029721,0.33197623,0.030554438,0.35386264,0.19270068,0.3057111,-0.019225515,0.5248014,-0.096023716,-0.35123822,-0.242321,0.21280809,0.4318628,-0.063346565,0.08144972,0.24751647,-0.40699965,0.43926004,-0.28773233,-0.1310229,0.18414249,-0.07059417,0.193705,0.09186867,0.26271117,-0.15680774,0.3732937,
0.057682298,-0.31959155,0.34478727,0.22911647,-0.17672144,-0.20921548,-0.019142222,0.25474244,0.44976398,0.13907842,0.20188156,0.13832267,0.3164251,0.025268175,0.085494176,-0.32097548,0.2639431,-0.048920047,0.3463956,0.4138215,0.023944225,-0.21045136,-0.097573675,0.057854168,0.37820953,0.26373252,0.18902034,0.24407555,0.1415836,-0.31829336,
-0.30671906,-0.28047773,0.24005991,0.36141115,-0.39393574,0.15728328,0.19016297,-0.27254918,-0.29690722,0.3544504,-0.1872225,-0.02477498,0.02205766,-0.28510916,0.35440803,0.27292708,0.22787431,-0.34165692,0.14466147,-0.33633354,-0.24777772,-0.14589973,-0.16099611,-0.33096132,0.4232679,0.32765374,0.13988878,0.07923495,-0.06959755,0.18293099,
-0.3251897,0.2962562,0.19700415,0.1192877,0.30881804,-0.29422626,-0.10756088,0.012293375,0.23639749,0.31976822,0.43346062,-0.43146986,0.046257216,0.12437433,-0.3831662,0.015007659,-0.10970832,-0.39437088,-0.008578696,-0.16401908,0.045184586,0.24945731,-0.21706751,-0.03844381,-0.36895448,0.42704445,-0.34526598,-0.3091362,-0.40292057,-0.19260593,
-0.06452137,-0.329534,0.07909861,0.5343281,0.37384027,0.23806778,0.1495006,-0.45471957,0.43634832,0.18520512,-0.24414995,-0.4344551,0.35378158,0.15236467,-0.06447269,0.35486442,0.072821975,-0.23937747,-0.124737896,-0.3333336,0.28301337,-0.20988426,-0.29615307,-0.22095072,-0.07221672,0.12570116,-0.3964269,-0.07240209,0.43095896,0.36377636,
-0.06495915,0.3728739,0.4003086,0.534143,-0.50495464,-0.060795605,-0.11647194,-0.24374305,0.46863475,0.21794865,0.017745966,0.15921918,-0.3366173,-0.31250492,-0.23418148,0.42145085,-0.003916371,-0.17684712,-0.23811762,0.4806198,-0.37605175,0.2291782,-0.1532379,-0.2944757,0.27430117,-0.22441544,0.20824298,-0.35873368,-0.2706344,0.009274064,
-0.25684,0.123196274,0.22037795,0.098663196,-0.28366923,-0.2676571,0.29795045,-0.53868604,-0.07399529,0.3208056,-0.17463759,-0.43510675,-0.4660313,-0.16840726,0.039857104,0.1440577,0.39153278,-0.17674662,-0.31748852,0.35698813,-0.16290796,-0.21602193,0.21480677,0.0265757,-0.4125596,0.0020322863,-0.1068083,0.14926265,-0.184484,0.054461937,
-0.57667667,-0.43136415,-0.4652132,-0.35185465,0.7111037,0.2666321,0.4763429,-0.014250492,-0.18316236,0.024701478,0.28581744,-0.3566137,0.38713026,-0.14347331,0.23821385,0.54474145,0.11579655,-0.078572705,0.2934317,-0.1108334,0.25988802,-0.10674651,0.48228836,0.099080496,-0.07928036,-0.16044627,-0.08195741,0.27541235,0.040554434,0.287998,
-0.083390415,-0.35726902,0.4943198,0.038340464,0.029061917,-0.36056045,0.15435903,-0.3530713,0.27329808,0.18175542,0.3144444,-0.2452307,-0.20069812,0.054556005,0.15823191,-0.48543584,-0.25085732,0.0535178,0.4065202,0.2907517,-0.11091731,-0.47199345,-0.21982977,-0.41344514,-0.43662095,0.34009862,0.19793214,0.102408566,0.16191244,0.07295675,
-0.35340944,-0.35858795,-0.46786684,0.14881,-0.111644275,0.23530455,-0.34641954,0.25920433,0.3017958,-0.34820235,0.38538036,-0.20873222,-0.14606771,0.43078277,0.4469969,0.5164098,0.4175757,-0.26986852,0.23542452,-0.28462008,0.26247904,0.29910144,0.25399193,0.3182942,0.3371258,0.17026842,-0.11783604,0.23561934,0.45402515,-0.26635,
0.17416714,0.50930375,0.15524279,0.076413706,0.013603676,-0.13711901,0.22411454,0.21824476,-0.100334845,-0.04679634,0.09539061,-0.31014955,-0.18554606,0.11007552,-0.012328556,0.2373865,-0.054282043,-0.12853423,-0.15629198,0.16840814,0.30147022,0.31702963,-0.27921757,0.26306847,0.24316059,-0.19562489,0.123971105,0.23288131,-0.3680977,-0.32646102,
-0.06458393,0.21462415,0.23911949,-0.063858576,-0.23880339,0.31253403,-0.391555,-0.12577306,-0.24619694,0.015689213,0.30107093,0.25724396,-0.059966244,-0.011458226,-0.2822916,0.31717503,0.15653758,0.08177158,-0.0053245584,0.38486257,-0.27956387,0.31309333,-0.08446122,-0.24764563,-0.047791913,0.247081,-0.06949547,0.11283185,0.037863515,-0.45427215,
-0.3287844,-0.29213992,-0.3206436,0.4283435,0.11885005,0.3732523,0.14038336,-0.4181513,0.18491016,0.00721773,0.5180101,0.021272365,0.11663626,0.061264183,-0.22999682,0.3028488,-0.47960386,0.3274375,0.40332636,-0.20586334,-0.09187119,0.15030478,-0.2105227,0.18447337,-0.4503925,0.34245425,0.054282747,-0.21608116,0.10203586,0.34561995,
0.024747139,0.08690715,0.50893843,0.2825804,0.30259562,0.109795384,0.31227094,-0.16678964,-0.35667503,0.054675598,-0.3980092,0.34627563,-0.1480037,-0.08509159,0.32397133,0.44629318,0.05004626,-0.2516258,-0.055862542,-0.25518382,0.5093411,0.36302537,-0.3313961,-0.13041028,-0.17118847,-0.36459613,-0.36210594,-0.07719091,0.31658968,-0.2433045,
0.11672097,0.041458953,0.53398484,0.1192077,-0.3029495,0.35877815,0.089279115,-0.010720016,-0.023449168,-0.4175655,0.27920684,0.030436939,0.20586209,-0.35744613,-0.35903868,0.3171388,0.3791816,-0.21741126,0.3370007,-0.04655585,0.050654892,-0.66401637,-0.08284811,-0.11034627,-0.2873505,0.39105326,-0.42014295,-0.3136401,0.0188138,0.294174,
-0.06096933,-0.21879117,0.50172335,-0.41815406,0.08394526,0.05886285,-0.36961323,-0.29369235,-0.016957553,0.24311805,0.4722072,-0.370594,-0.4181461,-0.21160303,0.034263007,-0.4316476,-0.44752657,0.35264805,0.2666697,0.08874691,-0.31322065,-0.07783921,0.4800297,-0.31428552,0.09043892,-0.083867945,-0.18577534,-0.008179438,0.056531224,0.35556707,
0.01342797,-0.13220467,-0.019404747,0.43498015,0.15674853,-0.22021627,0.42108563,-0.11931168,0.26484203,0.06351379,0.36659774,-0.1183849,0.12941779,0.00930853,-0.029937252,0.45347664,0.3611446,-0.32076883,0.26416305,0.2576941,-0.10243803,0.3194911,0.06925555,-0.25981387,-0.051086046,-0.12230845,-0.14732394,0.31810626,-0.35805038,0.40141156,
0.18865667,0.22441004,-0.3614039,0.40469602,0.1875399,-0.059286684,0.18935855,0.18120843,-0.46012294,0.0040776557,0.18296787,-0.54015934,0.2641657,0.2784146,0.3063508,0.050926067,0.22364777,-0.20394932,0.023853444,0.51989245,0.333363,-0.095040195,-0.045126155,0.3584932,0.31668416,-0.049854703,-0.044763543,-0.16106018,-0.41306213,0.31559232,
0.013542785,-0.32169375,-0.40293503,-0.20929636,0.07648364,0.14788717,0.13397093,-0.5449584,0.11012287,-0.33948237,-0.22528227,0.4102235,0.54756683,-0.21721965,-0.18749264,0.18610647,0.25966328,-0.1419578,-0.37249207,-0.03473504,-0.14349343,0.45407245,-0.124560684,0.14170833,0.24136774,-0.13540223,0.43045643,0.33898944,0.11447899,-0.16837963,
-0.007547646,-0.48555702,-0.08679365,-0.35654345,-0.3023748,-0.39811003,-0.28085598,0.21187003,-0.19670135,0.3958941,-0.030030705,0.3283245,0.20544785,0.4749436,0.3006885,-0.16505107,-0.37259963,0.15175153,0.053035486,-0.38120726,0.2998509,-0.10804541,-0.3645659,-0.10013905,0.13442636,-0.009566187,0.35432473,0.031541828,-0.0054044584,-0.2282967,
/
0.14102565,-0.44006702,0.20611843,-0.26165208,-0.099772684,0.01911964,0.18785895,0.33878145,0.09603696,-0.16405083,-0.22279355,0.3615923,-0.17907165,0.38731253,-0.3794916,0.31131548,-0.22642498,-0.0088949725,0.18981372,0.332978,0.09205544,-0.31991768,-0.16200154,0.20381191,0.34212917,-0.38880798,0.17870839,-0.1989011,-0.19833015,-0.08757588,
-0.050252,0.25479236,-0.33334592,0.021815978,-0.4190261,0.06488202,-0.18505275,-0.09349191,0.066202566,0.2500989,-0.046441592,-0.24404089,0.2886041,0.28857544,0.2786863,-0.18689993,-0.35068122,-0.059463236,0.3044565,0.13895723,0.37239242,-0.18344405,-0.23056532,-0.008475716,-0.5337802,-0.09674512,0.30750802,-0.1288689,-0.32430556,-0.3710006,
-0.13105255,-0.06974226,-0.058065485,0.27423143,0.13539846,-0.07890486,-0.32224324,0.45716748,-0.10630333,-0.41020727,-0.021360235,-0.046536386,-0.17973867,-0.14514948,-0.103757955,0.30508482,-0.29622558,-0.4476325,-0.2999617,0.07087767,-0.1964391,0.31023383,0.25635347,-0.13249816,-0.1649736,-0.12978059,-0.25646016,-0.26619056,-0.16792193,-0.08310367,
0.024075422,-0.32686162,0.14047979,0.29952407,-0.19610006,0.23768096,0.056188244,-0.18152423,0.04138586,-0.26184502,0.1387381,-0.25577083,0.14023644,-0.24536437,0.43218085,0.29174042,0.022747517,0.27953562,0.071368895,-0.03319212,-0.03729714,0.07746395,-0.10538074,-0.008204738,0.17269042,0.11785328,0.08851215,0.31494585,0.21109053,0.34037843,
0.21117383,-0.18722266,-0.24187683,-0.15245906,0.16160235,0.07606682,0.2993333,-0.30406106,-0.12984954,-0.20779407,0.22996433,0.4440362,-0.1837615,-0.3803695,0.13232516,0.11841507,0.12471604,0.25010422,-0.25404623,-0.17549911,0.24801646,0.049035043,0.10182228,-0.1368732,-0.06767469,-0.21767837,-0.039474186,-0.29688692,-0.40678763,-0.028130513,
0.091136985,0.016149154,0.39489663,0.0048307395,0.43812534,-0.2187243,-0.24880691,-0.2506011,-0.0019756942,0.2927584,0.3324112,0.27424312,0.24001376,-0.101556234,-0.3289133,-0.22737427,-0.14839663,0.3198397,-0.31710416,-0.15718146,-0.3277227,0.4592137,0.20145272,0.23626111,0.09629243,0.38995084,0.1871602,-0.27794752,-0.21520552,0.06303693,
0.26618132,-0.5163618,0.0012049605,-0.40916103,0.4619977,0.16373275,0.26566607,0.09991644,-0.013864402,-0.05127696,-0.19033423,0.21481489,0.23980604,0.042163696,0.3183193,0.0010456893,0.23281942,0.17465608,-0.31813952,-0.36668417,-0.3654799,-0.1852552,-0.20621659,-0.08691786,-0.41234776,0.37373912,0.26496792,0.35235462,0.3920959,-0.27158198,
-0.50430095,0.123528816,-0.12215049,0.36438295,-0.4717143,0.26983956,-0.38789836,0.1918856,-0.4100015,0.2538337,-0.22532819,0.33485052,0.45829397,0.14818555,-0.3416297,0.40179163,-0.25047323,0.32842648,-0.18665919,0.14930736,-0.24081483,-0.12363472,0.34412664,0.036694903,0.063894294,0.255037,0.021104498,-0.20658478,-0.48934376,0.20975626,
0.025485635,-0.14826727,-0.24441521,-0.3662739,-0.44187897,-0.12839466,0.32070607,0.002609055,0.16449337,-0.31526062,-0.07993669,0.24195543,-0.06270519,-0.36148465,-0.18522272,-0.23720291,0.12388467,0.41257337,0.39843357,-4.4012914E-4,0.44467604,0.23550612,-0.01854614,0.3043229,0.26958588,0.12240983,0.14799848,-0.22523122,0.38898832,0.34006375,
-0.23433115,0.21341373,-0.11084931,0.2794838,-0.3097826,0.105164535,0.17196628,-0.06126883,0.25315836,0.28974515,-0.4012487,0.39048395,0.09423051,0.47740015,-0.06769767,0.2381602,-0.13694282,0.26791686,0.01488885,0.2727589,-0.19380997,-0.29217982,0.27434644,-0.17120892,-0.34950462,0.38033825,-0.45414117,-0.031904023,-0.39422813,0.26306015,
0.20182255,-0.24052928,-0.042715922,0.39246896,0.24491164,0.37077063,0.21061894,-0.15167399,-8.912623E-4,0.02296751,-0.26578245,-0.4072475,0.30940202,-0.2232394,-0.3586036,-0.37786558,-0.22344065,-0.048359215,-0.19522005,-0.41755632,-0.2509529,0.14481555,-0.037018757,-0.012942414,-0.105716586,0.17353112,0.346681,0.11938944,-0.008887372,0.356386,
-0.14049709,0.25400499,0.44076318,0.19426031,-0.4293214,-0.04632287,-0.097417675,0.3501673,0.051810127,0.4245197,-0.09495696,-0.36717758,0.020985011,-0.25154668,-0.28525192,0.36957404,-0.058784124,-0.021834698,0.16944039,0.12035473,-0.4016,-0.06833209,0.3203432,0.08660665,0.46707317,0.3099183,-0.17948247,0.09640176,-0.32885984,0.22136585,
-0.29015857,0.11930919,-0.39283606,0.15904209,0.13651869,0.028986242,-0.14222169,-0.3387349,0.32455346,0.0029202893,0.1495727,-0.08668261,-0.2143291,0.18414108,0.030361477,-0.20382845,0.20945565,0.10933644,0.22423883,-0.285684,0.024511827,0.10966224,0.3182062,-0.40182802,-0.2876509,0.014144143,-0.02757889,-0.37518147,0.059857838,-0.14007998,
-0.19702755,0.44208267,0.020987863,-0.37964585,-0.3582077,0.25971323,0.026834127,0.21186207,-0.27003533,-0.19695725,0.40428415,-0.13404119,0.016961321,-0.21047129,0.27168125,-0.25456193,0.26296774,-0.3224488,0.38486177,0.160544,0.053912964,0.20203486,0.27123335,0.042142436,-0.11513291,-0.46794486,-0.2071412,0.35085142,-0.16414177,-0.087497294,
0.36537,-0.19493906,0.21912166,0.14623052,-0.23955913,0.10485892,-0.12768808,0.2687748,0.0024859833,0.3196321,-0.08478222,0.05002038,0.36730537,0.3386526,0.035933405,0.3816648,-0.02879778,0.25350165,-0.10392539,0.17230015,0.14731663,-0.4345999,-0.22926356,0.06411659,0.29978868,-0.09698452,0.16995409,0.25674054,-0.33793184,-0.24053185,
-0.216421,-0.33691558,0.41432703,-0.0015069877,0.093813375,0.3316071,0.18502411,-0.1357407,-0.20228587,0.16020358,-0.02902535,0.21420133,-0.24968019,-0.010738091,0.225682,0.48469794,-0.0081417905,0.14649947,-0.37396872,-0.26223263,0.24543704,0.2779172,-0.11805959,-0.3539627,-0.19641735,-0.25604504,0.3226342,-0.4389802,-0.39459214,-0.22700366,
0.07264922,0.09732406,-0.06502052,-0.2993582,-0.08878779,-0.25540218,0.21399271,0.04480571,-0.15710111,0.10608929,-0.0710585,-0.3099645,-0.10548749,0.39471802,-0.073624164,0.029493814,0.42585543,-0.083282635,-0.32706055,-0.20077966,-0.26325217,-0.43884423,0.25385237,-0.12327825,-0.056374747,-0.2362567,0.16613324,0.033135608,0.306847,-0.32435137,
0.27806282,-0.18703759,0.19980137,0.32234794,-0.36230677,0.09888642,0.026196226,0.20767549,-0.064369015,0.36637333,-0.060016256,-0.104343444,0.28735733,0.18596739,-0.15291408,0.26172718,0.16793685,-0.14069319,-0.3619607,-0.18282951,-0.50525624,-0.21046023,0.35947937,0.04769702,-0.021564718,0.21924679,0.1845619,0.29562715,-0.3881332,-0.013800935,
-0.15489429,0.3258027,0.27726576,-0.1507874,0.39955816,-0.25612828,-0.51287395,-0.033749294,-0.17297249,-0.21231912,0.09414665,0.042326983,-0.0015833109,-0.28290612,-0.3340174,0.3479127,-0.26288944,-0.009057925,-0.14444122,-0.01539668,-0.24420276,0.39346543,-0.14112875,-0.11589723,-0.29439098,-0.06717159,-0.098298326,-0.20798358,0.32439297,-0.17120737,
0.022971617,-0.29527652,-0.38574353,-0.20231673,-0.30059242,-0.20375454,-0.15290757,0.20549352,-0.13478148,-0.22688828,-0.2675883,0.47523582,-0.1627388,0.17413522,0.0656565,0.16097176,-0.33124107,-0.33437407,-0.22395541,-0.13236327,-0.3106095,0.22400525,-0.1953502,-0.05162716,-0.27740508,-0.22238234,-0.05455424,-0.09230038,-0.07549669,-0.31064305,
0.20566377,-0.22554827,-0.27736896,0.27216426,0.28434795,-0.22239907,-0.2839669,-0.11862117,0.13072279,-0.2901029,0.122787006,-0.20650157,0.22705394,-0.07068131,0.13845687,-0.43677035,-0.26518404,0.020497624,0.29993498,-0.18277736,0.03824292,-0.07458562,-0.19920008,0.32387805,-0.016751722,-0.24175566,-0.2535037,-0.059064582,-0.13908328,-0.12290716,
-0.25084192,0.3476007,-0.16355368,0.12653969,-0.2952555,0.10992665,-0.12569168,-0.03558504,-0.19596225,0.077142954,-0.01029215,-0.39253223,0.4309623,0.0010161983,0.0114392275,-0.3109316,0.0033004892,0.14376283,0.085254654,0.06491223,0.12809469,0.1497682,0.19689958,-0.19949967,-0.07285372,0.1828367,0.35731938,-0.148777,-0.028096005,0.3307646,
0.16007994,-0.16868062,0.04869695,0.28267977,-0.048309807,-0.1555293,-0.2833766,0.2791116,0.053833026,-0.19944014,0.1615001,0.26392475,0.17861551,0.1205468,-0.077004336,0.20774506,0.22069828,0.30543718,-0.19497545,-0.1548474,0.22953632,-0.11625574,0.23711456,0.028177341,0.01108349,-0.3744077,0.041598815,0.14423454,-0.5014483,0.21833473,
0.010799499,0.11191121,-0.33708826,0.23569745,-0.29688728,0.06606772,0.20232236,0.18033917,0.24758244,0.318662,0.14790058,-0.2760873,-0.0281579,-0.004782238,-0.100536205,0.19458382,0.1799973,-0.24655531,-0.4447274,-0.19942838,-0.13587937,-0.4739748,-0.15907095,0.3653194,0.044857666,0.31524515,-0.2661815,-0.24752678,-0.059441496,-0.008633339,
0.01956303,0.32539034,-0.0058787684,-0.40304026,-0.25744805,0.26769957,0.09043164,0.045838334,0.11034298,0.2240165,0.31427073,-0.06398702,0.04889526,-0.4307536,-0.024219636,0.17785029,0.14236061,0.08373578,0.22423346,-0.019866714,-0.0064437105,0.11209736,-0.16440019,0.14618503,-0.20253126,-0.20975861,-0.2278599,0.11570969,-0.29421392,0.21606512,
0.21966492,0.07925337,-0.11388089,-0.06188697,0.39627612,-0.07846407,0.14423615,-0.03442183,0.08625124,-0.10146182,-0.19562115,-0.19596665,0.006061675,-0.01925965,-0.07539611,-0.4098633,0.07930876,0.3886524,0.48239294,0.02761033,0.38982597,0.05368036,0.15086937,-0.13538407,-0.033582255,-0.47513235,-0.30751774,0.16359352,0.112940766,0.3156714,
0.2188718,0.20248431,-0.18130775,0.2551694,-0.2103591,0.05488399,-0.18428792,-0.21274497,0.37947658,0.055419534,0.2301156,0.3034784,-0.15528224,-0.066251494,0.13596538,0.13621372,-0.13462824,-0.03713996,-0.14945477,0.36673158,-0.056820378,0.001862019,-0.30663964,0.2590639,-0.1395309,0.16429712,-0.37284225,0.20510545,-0.14497596,0.14012876,
-0.38261944,-0.2981416,-0.034595493,0.23451222,-0.3685736,-0.0019915942,0.047727536,0.29710406,-0.12301949,-0.25212568,0.058420975,-0.03046975,0.30235302,0.025248166,0.2883419,0.3093873,-0.06159732,0.17762561,-0.37326536,-0.065400235,-0.33995667,0.2825801,-0.25974765,-0.16832788,-0.040257726,0.11159628,0.3336912,-0.36198092,-0.32894403,-0.020447249,
-0.21406566,-0.3706837,0.16334175,0.01367361,0.17073303,-0.087550156,0.11327843,0.10903394,0.19398066,0.28450012,-0.14978984,-0.37884435,0.34518385,-0.28338113,-0.061734337,-0.26817974,0.048179906,-0.2544311,-0.18536146,0.02449921,0.15523784,0.10274403,0.026631141,0.14236002,-0.087005146,-0.17836249,0.253681,0.15652165,0.03390583,0.21563378,
-0.008094179,-0.25532144,0.3224524,-0.042197987,0.60255337,0.31066445,-0.20511487,0.40069333,0.07384856,-0.04204324,0.280992,-0.32866725,-0.41144747,-0.17850639,-0.08012379,0.101928875,-0.13771866,0.019749496,0.4570496,0.23157726,0.12299292,0.40446565,0.24266072,-0.0033561022,-0.23968787,-0.23837519,0.27162087,0.39213234,0.06955611,0.11967381,
/
-0.036505118,0.0677702,-0.014901438,-0.07892949,0.016002307,0.04175057,-0.0057361033,-0.018823927,0.12352408,-0.006498923,-0.07041314,-0.03929258,0.053997613,-0.015160603,-0.06287355,-0.109795555,-0.0010530473,-0.02147775,-0.020436388,-0.040915884,0.026480874,0.015326552,-0.118905485,0.03289126,-0.071895905,-0.055752672,-0.010963914,0.05509409,0.050340142,0.07765654,
-0.03472471,0.04956895,-0.052333567,-0.04367946,0.0032002397,-0.026348433,0.004828615,0.056240294,-0.036484342,0.016660385,-0.006427537,0.032579307,-0.06908677,-0.013594787,-0.082969196,0.031473387,0.13142791,-0.038540274,0.008000939,-0.07399852,0.086574756,-0.004281588,0.096111275,-0.04497344,0.08644876,-0.014350195,0.029667538,0.00437894,-0.022677181,0.035755627,
0.02365139,-0.05466998,-0.07250321,0.078649074,-0.024590977,0.04202544,0.004158126,0.070609435,-0.061268054,-0.0635462,0.053982496,0.04162968,0.043505963,-0.034333594,-0.039245505,-0.050491482,0.043774232,-0.13895772,-0.06586113,0.1259109,0.04505919,-6.870184E-4,0.031310912,-0.028164262,0.14078549,-0.053526077,-0.007386799,-0.061092928,0.04840069,-0.061417624,
0.06278659,0.0016504215,-0.0037702993,0.0586377,-0.020080023,0.04911962,0.018615048,0.03071617,-0.004989804,0.03534193,0.083231546,-0.011142537,0.018455485,-0.009756121,-0.09284563,-0.005140719,0.04201847,-0.05237989,-0.048295937,0.0011288477,0.045944918,-0.05615575,-0.03242477,-0.063830666,0.07366302,-0.06909893,-0.017929643,-0.013957543,0.04132865,-0.06934021,
-0.07800284,0.045220133,-0.031572,-0.07944463,0.021830235,-0.06713189,-0.004598873,0.020271203,-0.0024115036,0.020134067,0.07154596,0.009028151,-0.039629046,-0.08343574,-0.042400334,0.06551072,-0.091423936,0.038403522,0.032923706,-0.005968051,-0.08167622,-0.043808203,-0.071437545,-0.01284001,0.059451334,0.018741641,0.0072553004,-0.0068301414,0.014546356,-0.049238335,
-0.019987227,-0.06501196,-0.031732,-0.015945662,-0.039989382,-0.013161315,-0.06957902,0.025390659,-0.021044906,0.013231022,0.031027129,-0.05384945,0.044095896,-0.041668244,0.11813887,-0.01802301,0.06477133,0.0049016094,-0.041934013,0.052246623,-0.0111174965,-0.02894655,-0.0037838733,-0.043716118,0.0269775,-0.026347978,0.023896003,-0.010194626,-0.026949298,0.06283161,
-0.01654645,-0.022857515,0.03108288,-0.009612975,-0.069989845,0.019797038,-0.03097906,-0.04427139,0.029882455,0.052959844,0.05078844,-0.04744906,-0.097729504,-0.026350943,-0.0640918,0.0072061387,0.04400482,0.005343326,-0.007938618,0.064771235,-0.045282315,-0.026734369,0.032671634,-0.039674517,0.004410173,0.015250688,-0.038224302,0.049840845,0.11401946,-0.010024268,
0.023819271,-0.03374619,0.006438031,-0.029511742,0.021925375,-0.010042879,0.0040910677,-0.084103115,0.09172555,0.052624613,0.020147298,0.15638027,-0.023116205,-0.03804384,0.018154835,0.085751995,0.030306103,-0.07197668,0.039439496,-0.05058155,0.15261582,-0.00907034,0.03400134,0.0040102825,-0.022074936,-0.082810715,0.019130914,0.005744223,0.01194865,-0.028414942,
-0.0062001334,0.028620794,-0.031723324,0.045635805,0.0040893415,-0.024976414,-0.018725654,0.081754036,-0.008670321,-0.17998424,-0.07364379,0.010136965,0.093280785,-0.04086656,0.023235604,-0.044244815,-0.05063165,0.1103112,-0.052696574,-0.013265428,-0.01779387,-0.13967754,-0.058741666,-0.046158466,-0.02223684,0.093041606,-0.023176093,0.023154464,-0.019108975,0.0034030909,
-0.029638335,0.051908504,0.028871477,0.011319353,0.06289073,0.0145457955,-0.03632939,-0.031286173,0.062881194,0.012771573,0.039135512,-0.0146260215,0.024423601,0.0019492416,0.040632766,-0.052797496,0.11923936,-0.13836053,0.005491681,0.0026648347,0.004443587,0.03978073,0.011553945,-0.037895687,-0.02243242,-0.046623137,0.044730972,0.02801261,-0.025307348,0.031089023,
/
0.042468805,2.2075744E-4,-0.017164398,0.059094884,0.035618093,-0.09109792,0.18253702,0.051789735,-0.114715695,-0.023967426,
0.11882664,0.052870695,-0.012991175,-0.026192175,-0.17696989,-0.012940323,-0.025697697,-0.007306984,0.055887863,0.06741222,
0.085163616,-0.045811187,0.034599025,0.020191114,-0.033437796,7.240123E-5,-0.038265858,0.04971321,0.048284188,0.013828157,
0.10427058,0.016677024,0.018331397,0.01780625,0.03255125,-0.007829008,0.016186388,-0.03348388,-0.060132515,0.08437807,
/
