#1834
-0.40814713,0.40202412,-0.010826338,0.50200176,0.16563359,0.12960382,-0.13847555,0.31877327,-0.048408452,0.36370793,0.2860531,0.25469735,0.29165927,-0.47929874,0.24046275,0.2439417,
-0.19249906,-0.17316088,0.33199355,-0.17488092,0.14218986,0.061818168,0.037499174,0.01876492,-0.27042094,0.23276167,0.4670883,-0.20071402,-0.54071206,-0.46786073,-0.015248867,-0.1818156,
0.250133,-0.16087517,-0.44886088,-0.1865534,0.37030575,-0.32304114,0.026071938,-0.40812337,-0.0147141265,-0.3376743,0.3679605,-0.108987726,0.011976684,-0.48082742,-0.32304826,0.4157953,
0.48218858,0.12134224,0.28798154,-0.14576454,0.08320812,-0.4663898,0.42667007,0.036606837,0.4472386,0.20799987,-0.22437128,0.094094366,0.08498976,0.4604314,0.5382368,-0.11352387,
-0.537278,-0.27197686,0.18884985,0.19701533,-0.247757,0.43096942,-0.027260065,0.2989679,-0.03785355,0.28815567,0.10872138,-0.076376,-0.5119791,0.38512474,0.112339325,-0.44029695,
0.03183718,0.40860897,-0.42252794,-0.3828756,0.10612077,0.011735163,-0.33811915,0.2623091,-0.10962103,-0.15908997,0.39786634,0.1254512,-0.34406132,-0.23215552,-0.15095107,-0.61115974,
0.45986402,0.17264491,-0.13464816,0.19870274,0.13618761,0.21971013,0.26178902,-0.47062638,0.43443766,-0.35113004,-0.16242032,-0.43866557,-0.39093757,-0.27379885,0.08236034,0.39514852,
0.13481389,0.39841744,0.09859324,0.22639641,0.38723838,0.08080443,0.41112953,-0.012710994,0.25229296,-0.15134606,-0.13039899,0.087263644,0.32081693,0.36250675,0.2072643,0.26177686,
-0.20377366,-0.1745149,-0.13767958,-0.108184844,-0.34919614,-0.3425852,-0.47330943,0.20896874,-0.20815001,-0.29313093,-0.26773283,0.23684843,-0.024451282,0.394734,-0.2231255,0.17792167,
0.1086429,0.2750131,-0.19418824,0.010429118,-0.25674078,-0.27436176,-0.16539943,-0.49198738,0.09205756,-0.13343632,0.24173848,-0.09290967,-0.10289856,-0.30352017,0.33741304,0.29231134,
-0.057720285,0.17917925,0.07659526,0.12133547,-0.03385404,0.37027186,0.2271236,0.016743021,0.27180764,0.11275138,-0.28976646,0.24117336,-0.21522123,0.47270405,-0.12077732,-0.5074527,
-0.3827162,-0.0062129158,-0.46300727,-0.16413236,-0.3666387,-0.035767063,0.05672552,0.42240474,-0.48153836,0.18353881,-0.41766807,-0.13849182,0.21158631,0.08773966,0.1481191,-0.30436563,
0.40541983,0.45841026,-0.42689508,-0.43744656,-0.082366936,0.3657565,0.38504207,-0.21130797,0.47939903,0.36133656,0.31888855,-0.13403447,-0.49451822,0.36977577,-0.33027607,0.2927282,
-0.12942564,-0.08762741,0.16623507,-0.05375014,0.057979263,0.08285395,-0.39997128,-0.089955926,-0.12739545,0.15935342,0.26873106,0.22887573,-0.44234893,-0.042062983,0.32750693,0.29727873,
-0.010428021,-0.21365827,-0.02810213,-0.025407368,0.11753784,-0.08538902,-0.387929,0.10143627,-0.1291166,-0.27369395,-0.005379398,-0.11683325,-0.38260034,0.34937552,-0.25786906,0.3500947,
0.29879984,-0.06466736,0.07414701,0.27655414,0.022965012,-0.11464946,-0.1766021,-0.13431358,0.14987446,-0.40274763,0.034945417,-0.351643,0.1872631,-0.39110652,0.21918613,0.3164359,
0.32605386,0.42988667,0.26967666,0.38704515,-0.34754965,0.49923292,-0.17792167,-0.06532769,-0.020347558,0.061679192,0.42251265,-0.07610763,-0.0036760662,-0.32223764,0.10408241,0.4363576,
0.4041118,0.35213804,0.38121623,-0.2753645,0.016125077,0.2528858,-0.23762381,0.3005778,-0.0011945908,-0.16021083,0.36658126,-0.27907863,-0.1899352,0.241411,-0.33279833,-0.22085512,
0.38306066,0.27212098,-0.03711973,-0.4480339,-0.4910955,0.18426105,-0.30405828,-0.27494374,-0.09136701,0.34703216,-0.34528846,-0.16126876,0.42037624,0.1825623,-0.15821846,-0.27423292,
-0.41176796,-0.5452397,0.0016911632,-0.17902447,0.14599621,-0.4944526,-0.3623945,0.2757275,0.006296856,-0.06892327,-0.15857765,0.20108706,0.07438615,-0.2600044,-0.0027600927,-0.49142152,
0.23087026,-0.052341122,0.4545062,0.41397732,0.018976158,0.31917885,-0.36596212,0.4062272,0.069850855,-0.3450282,0.33616903,0.090427086,0.21831287,0.25948626,-0.10337055,-0.17108445,
-0.15478362,-0.41529775,0.07946826,-0.19591051,0.06043649,-0.42033777,-0.3178651,-0.1434207,0.3379056,0.12351336,-0.09286254,0.41730008,0.5157502,-0.5891496,-0.027623734,0.122623004,
-0.028990118,-0.011270016,0.32845527,-0.27465883,0.5541111,0.21296588,-0.12861829,-0.29894108,0.09037436,0.44693145,0.42102334,-0.31553683,0.10670676,0.13392441,-0.35701594,-0.25180992,
0.10383917,0.02390072,-0.24338494,-0.09349124,0.11302638,0.41454828,0.13871118,-0.25553906,0.3352203,-0.32242557,-0.104444996,0.20875233,-0.34486884,0.1073371,-0.63234067,0.108051464,
0.28886518,0.53032345,-0.055601623,0.25514737,0.2630345,0.19247457,0.41878438,0.065615274,0.39182416,-0.36598662,-0.18665804,0.37600058,0.245145,-0.41607028,-0.35952258,0.08598433,
-0.21455574,-0.16450982,-0.3421119,0.325698,-0.34309068,-0.27052948,0.29443705,0.24398991,0.16434014,-0.07058587,0.3407192,-0.3098241,0.36905885,0.45288384,-0.09273542,0.007115978,
-0.011167232,0.22207378,0.25135773,-0.414811,-0.111056924,0.025391886,0.29578167,0.28016472,0.024579374,-0.25917894,0.48281702,-0.31437066,-0.44127426,-0.4939228,0.46431735,0.014902874,
0.31703842,0.3466401,-0.4440609,-0.22645277,-0.3168498,0.08362178,-0.44003275,-0.35959053,-0.23143506,-0.52288705,-0.020983806,0.37334064,-0.07956777,0.1192291,-0.24048343,-0.22897989,
0.20215173,-0.4432986,0.32231876,0.07142205,0.03014277,-0.11369959,-0.24166802,0.22734375,-0.08626635,-0.37316346,-0.2751915,0.33409476,-0.23067594,0.19435892,0.51888305,-0.2514351,
0.46480736,0.15794306,0.22517851,0.41479737,-0.13071004,0.0537558,0.0900021,0.12545876,0.475548,-0.40184653,-0.14957398,0.16106832,0.22415215,-0.41437852,-0.1938493,0.40772122,
/
0.103503376,-0.43534982,-0.26771304,0.07896603,-0.18936728,-0.04839595,0.07480635,0.040483013,0.33361295,0.20995933,0.17422831,-0.4099445,-0.4536061,0.2122728,0.026617065,0.26371464,-0.17376117,-0.19776626,-0.3414746,0.4012109,-0.20637453,-0.32576773,0.02432838,-0.334311,0.19013256,0.4594567,-0.044636894,0.270522,-0.4224261,0.21335462,
-0.19834961,-0.19749151,-0.3156683,0.21713595,-0.2417624,0.39282316,-0.33929655,0.41362628,-0.09068004,-0.2140081,0.0032863785,0.0550289,0.24820177,-0.119918585,-0.42804965,-0.03586337,0.23400496,-0.12258456,0.24469616,-0.33951235,-0.14452568,0.0548601,0.073840976,-0.2586837,0.22915143,0.48322886,-0.31957158,0.21983813,-0.10949262,-0.09276015,
-0.41387838,-0.45865634,-0.086222544,-0.072540194,0.34349835,0.3337098,0.35112455,-0.19475849,0.09092891,-0.013015973,-0.23219849,0.4365766,0.487239,-0.06607411,0.10138345,0.11256764,0.13272408,0.39271253,-0.03826801,-0.08496004,0.2878147,0.15421924,-0.46023092,0.34724155,-0.118534915,0.17601463,0.103637815,-0.073883094,0.15985246,-0.14749198,
-0.021627136,-0.0014849291,0.40174577,0.26632056,-0.3248659,-0.1815707,-0.39734015,-0.15414734,-0.004275155,-0.1467206,-0.42632443,-0.15375063,0.36913335,0.4869439,-0.3287247,0.40344816,-0.105548516,0.028893944,0.30974072,-0.19799915,0.22727437,-0.18547535,-0.3517616,0.12781781,0.10383611,-0.10554995,0.09509921,-0.23976068,-0.13108231,0.066313565,
0.042333417,0.32641214,0.20380443,0.36067188,-0.41288805,0.14641313,0.07379853,-0.2952628,-0.24939089,-0.2945279,0.46133587,0.10200005,-0.17652637,-0.33032033,-0.4640054,-0.14137198,0.39922038,-0.37810406,0.2769374,-0.42527553,-0.064901404,-0.1852238,-0.064658165,0.3140734,0.042031657,-0.044029374,-0.198896,-0.2173981,-0.38947877,-0.34894016,
0.30442572,-0.34108785,0.21270306,-0.1485367,-0.31368735,-0.11651989,-0.039844066,0.46497515,-0.5348048,0.19098382,0.06652404,-0.28489998,0.34116468,0.46759662,-0.011836341,0.11481389,-0.28261524,0.44410428,-0.5239638,-0.5532919,0.3296738,0.33046964,-0.3999625,-0.28398252,-0.32974863,0.1609764,0.36160818,-0.12560636,0.44345745,-0.14933765,
-0.30101857,0.07656947,-0.21153575,-0.39067546,0.03828399,-0.030423645,-0.105508484,0.22170822,-0.23313925,-0.4342165,-0.2041849,-0.3952081,0.39594004,-0.34419087,-0.27824742,0.040202502,-0.28923902,0.35897386,0.038690925,0.024688644,0.070777394,0.14620948,-0.4791328,0.04819002,-0.40226722,-0.1559636,0.3584356,-0.40797585,-0.2892811,0.038873605,
-0.33986652,-0.43444473,-0.4051865,0.0769569,-0.070786975,-0.25405762,0.17648396,-0.10714575,0.23474048,-0.39996898,0.15211248,-0.37335965,0.39496216,0.3466502,0.29747397,0.15179479,0.33091402,0.46112192,0.34519878,-0.27894798,-0.07670121,-0.38104066,0.49236417,0.40068486,-0.3589817,-0.052465566,0.23138526,-0.1493222,-0.122292124,0.17196335,
-0.19573097,-0.14837743,0.090065375,-0.37916684,-0.439415,-0.16315317,0.1608029,0.3102131,-0.1260079,-0.21883431,0.4117048,-0.17766707,-0.31580472,-0.050497465,0.37711385,-0.06968636,-0.34935555,-0.03599292,-0.038096197,-0.061986577,0.43550083,0.19341315,0.4251077,0.11857486,0.16432804,-0.0955751,0.1953813,-0.30655366,0.16648057,-0.13750327,
0.29238138,0.13772386,-0.007438186,0.39157256,0.5481905,-0.06274861,0.37594938,0.056911096,-0.5033549,0.2702898,0.38124424,-0.11872945,-0.21985397,0.093117364,0.028012212,-0.10929564,-0.020135285,0.5086327,0.11601776,0.15997083,0.28152806,-0.23333636,0.21013501,-0.38286522,0.12609594,0.323072,0.0088972505,0.29411164,-0.036566455,-0.20805404,
-0.26742443,-0.037537724,0.43951046,-0.2512942,-0.0904223,-0.29546142,-0.5042015,0.17298979,-0.055048555,0.19729315,-0.28301495,-0.18899347,-0.23181991,0.24152066,-0.26969102,-0.19442604,0.2863339,-0.29485813,0.3729779,0.023244161,0.09496487,0.15576552,0.18883856,0.4234241,-0.12442503,0.09621047,0.08412202,-0.3708439,-0.029659472,0.2891084,
-0.5103105,-0.0054739085,-0.22319166,0.36874434,0.3635406,0.13508292,0.2615792,0.07541053,-0.087044805,-0.13145591,-0.28791502,0.46079445,0.3936763,0.18878709,0.22547087,-0.2987939,-0.22979075,0.18684739,-0.31847954,-0.3936498,-0.40917552,-0.17591892,0.071720116,-0.18449005,-0.49804053,0.018572623,-0.19513227,0.06313805,0.29263446,0.1660415,
-0.24302584,0.005867241,-0.18513055,-0.36076537,-0.20392855,0.20829754,-0.05143668,0.20984377,0.35614747,0.37288216,-0.3037786,-0.13845272,-0.07800841,0.36286962,0.24157822,-0.13188672,-0.017216044,-0.38924313,-0.42263037,0.14668804,0.4050427,0.46814826,0.21546724,0.10696723,0.025526764,0.06927964,-0.28385982,-0.042637806,0.3097913,-0.34570473,
0.39605173,-0.028779726,-0.2817288,-0.19826165,-0.42143336,-0.3498794,0.17628205,0.34101588,-0.17412148,-0.41734084,-0.3973654,0.27356428,-0.15362324,-0.13519606,-0.48292217,-0.12449337,-0.31401575,-0.39299694,-0.026413959,0.03651187,0.31775862,0.25666687,0.43413022,-0.31147233,-0.43245503,-0.18761386,-0.16566922,-0.49556458,0.30210236,-0.45566112,
-0.2702387,-0.20504265,0.022147533,-0.4024127,0.12990974,-0.070305,-0.27416986,0.2146902,0.26655734,0.09681075,0.41413295,0.05707944,0.43653935,0.47328016,-0.44355533,-0.15771942,0.117825575,-0.09894527,0.18598835,-0.081908144,-0.39845416,-0.21637693,-0.48879895,-0.25327516,-0.10299377,0.1438807,-0.14837623,0.05827907,-0.51077104,0.43238816,
-0.33108503,-0.40823248,-0.36211464,-0.030687632,-0.0617213,0.1464666,-0.020424042,-0.18392286,0.50210077,-0.40812522,-0.3708385,-0.42997208,-0.2303737,0.042665236,-0.40977016,0.12284948,-0.38349172,-0.40024108,-0.111737676,0.3647941,-0.019403404,0.044888847,0.27554736,0.36473992,-0.44698784,0.19891447,0.45097125,-0.2935847,0.4625783,-0.33706793,
-0.3855926,-0.21988292,0.3238854,0.54067534,-0.058665637,0.12642261,-0.23042382,-0.13589108,0.14708011,0.21398562,0.033448875,0.18639648,-0.06269512,0.10491472,0.31656203,0.40300104,-0.07437244,-0.30378222,0.34512383,-0.2853133,0.15628299,0.34893987,0.20259416,-0.007905438,0.082704015,-0.31208527,0.45524475,-0.13021111,0.36562803,-0.33690545,
0.52203625,0.4776164,0.16948669,0.48579067,0.10582993,-0.06953051,0.49182308,0.4472366,0.09697924,0.3271128,0.36925703,-0.4136487,-0.046199165,-0.42925048,-0.46065238,-0.4896407,-0.27187127,-0.20220217,0.082678415,0.104358174,-0.17937292,-0.2706692,0.09934645,0.15751395,0.1671995,0.1575283,0.37560454,-0.19581567,-0.22198218,-0.12573923,
0.18111,-0.5154043,-0.4854824,-0.19121195,-0.041285228,-0.25976607,-0.1757437,0.16218054,0.32793427,0.3819537,-0.39847097,-0.041016128,-0.42083722,-0.41964993,-0.14983061,0.12672907,0.33631837,0.07575519,0.425093,0.09772223,-0.36029476,0.19924879,-0.15686542,-0.27508643,-0.2423489,0.1715159,0.3264558,-0.11760437,0.39434093,-0.3811242,
-0.17156966,0.2643195,-0.0064862734,-0.15932278,-0.2206309,-0.34202313,0.26882994,-0.20664434,0.31929415,0.40296462,-0.24429992,-0.41879392,0.27723548,0.32116574,-0.023852356,-0.04592543,0.4000096,-0.22804931,0.3697631,-0.077598155,0.18777962,-0.18478443,-0.4065743,-0.16933689,-0.44075683,0.0061935834,-0.35342902,0.10170216,-0.033298485,-0.3596886,
0.2413978,-0.3582487,0.41258687,-0.28512505,-0.3557901,0.27760786,0.1838912,-0.17087886,-0.013652908,0.34705728,-0.2889644,-0.11060941,0.45017445,0.5093181,-0.28025445,0.10292192,-0.03191023,0.37278816,-0.05691658,-0.21574771,0.43764454,0.024394337,-0.15853284,-0.15017584,-0.28416252,-0.18358223,-0.3350245,0.40908816,-0.066284545,-0.45462126,
-0.24037288,-0.44050404,-0.08787458,-0.47504708,-0.3930298,-0.031736344,0.21814086,0.028524775,-0.3036592,-0.18549925,0.38649336,-0.020722061,0.46041918,0.07833919,-0.134538,-0.23576958,-0.12473158,0.12592608,-0.12345564,0.23944624,-0.23490621,-0.01897732,-0.29481375,0.072595336,-0.025438085,0.07725033,0.14354333,-0.036968127,-0.4295682,-0.017489988,
-0.13306713,-0.25253257,0.32804602,0.29866555,0.42119193,0.437404,0.22845861,0.22444215,0.2131022,-0.13555142,-0.36766216,0.4922551,0.18542676,0.39060548,-0.090729974,-0.014376615,0.4555634,-0.015286612,-0.24932693,-0.099307984,0.17117266,0.32462424,0.43019697,0.4211118,0.26408005,0.14462592,-0.043373555,-0.2147508,0.22075173,-0.13217829,
0.039818823,0.3323856,0.3189135,0.10203753,0.27208653,0.45556897,0.37617332,0.3959672,0.25226665,0.09185716,-0.25035432,0.11588935,-0.06622473,-0.23603673,-0.49305955,-0.3663234,0.45956603,-0.22633572,0.08406718,0.42988306,-0.3785778,0.42286077,-0.19994229,0.13713624,-0.09976012,0.117369644,0.23720594,0.43464762,-0.32486272,-0.091631,
0.005146755,-0.29291603,0.045687415,-0.059487827,-0.08748143,0.092620336,0.20130949,0.19781011,0.034823168,-0.4204165,0.42559177,0.3957153,0.40769476,0.4523862,-0.3978632,0.28162527,-0.40733242,-0.30272257,-0.5296449,-0.17385004,0.42378062,-0.48755243,0.45790935,-0.26401436,-0.3536044,0.22144778,0.23718373,-0.29335397,-0.030381512,0.39799199,
-0.4156054,-0.46848357,-0.2824715,-0.14649178,-0.21621972,0.043431375,-0.05440744,-0.31424525,-0.3400156,-0.3871157,-0.32780495,-0.11773184,-0.07775193,0.17078,-0.3833022,0.37459356,0.16371123,0.05529211,0.15751724,0.14140393,0.12200625,0.27924466,-0.12951198,0.29686433,-0.3527665,0.3715265,-0.24715932,-0.04342099,-0.016672427,0.33845907,
0.026840886,-0.09575754,0.40494734,-0.4971037,0.37580955,-0.26875165,-0.12765639,-0.5649503,-0.093997866,-0.14450897,0.12987548,-0.29886094,0.2863541,-0.052205395,0.116569,-0.39733595,-0.42165396,0.15543847,0.07252979,0.30036998,-0.24149066,-0.162299,-0.5958732,-0.3220686,-0.5234595,-0.22785772,-0.062432427,0.26949325,-0.34209698,0.45289427,
-0.19870119,-0.1024375,0.37730074,0.45857733,-0.15889236,-0.22557138,-0.14097732,0.40797135,-0.4699904,-0.1387945,0.17007814,0.13518244,0.4912138,-0.24334934,0.28636414,-0.1100637,0.03436838,-0.04689459,0.1312005,-0.27735323,-0.49787882,-0.48390135,0.25330096,0.18948534,0.32561138,-0.02498641,0.22501136,-0.09317094,0.3884389,0.17502724,
-0.40626448,0.09852288,-0.15473919,-0.18485767,-0.36421025,-0.17121871,0.28324428,0.063297465,-0.07041243,0.30986008,-0.06387953,-0.36018848,-0.27832413,-0.44820964,0.15176696,-0.2689686,0.35195756,-0.039091703,-0.10746434,-0.24723043,-0.21739212,-0.22440335,0.030199163,0.36082837,0.1666701,0.061984256,-0.31150872,0.26338422,-0.29289046,-0.29796702,
-0.35984275,0.35532206,-0.095712535,0.025429454,0.52503765,0.13892591,-0.032616563,0.49792984,0.010411699,-0.073461644,0.24204905,-0.027759137,0.29726112,0.23033167,-0.4760035,-0.19985907,-0.31371132,0.38357443,0.23267709,0.11701534,-0.12835641,-0.08835392,0.30442527,0.37295127,-0.17589828,0.15507573,-0.055104505,-0.46757573,-0.44917405,0.30081138,
/
-0.20620689,-0.47359115,0.3414643,-0.15877073,0.2039689,0.3639287,0.30505028,0.1708227,0.35575068,0.25675285,0.37513763,0.067456745,0.27335754,-0.38654992,0.047089737,-0.24049456,-0.018190283,0.36040944,0.30576882,-0.14629471,0.17894953,-0.20751661,-0.4243338,0.25499076,-0.05581429,0.20599392,0.29240876,0.40466288,-0.24017228,-0.24822299,
0.024729837,0.38582796,0.16206461,-0.12116554,-0.03826547,-0.4227461,-0.019636657,0.019247413,-0.34435377,-0.43033907,0.3371717,0.4407781,-0.4005231,0.20185488,-0.26551718,-0.2277939,-0.2737207,0.43417868,-0.2004145,-0.03885882,-9.940548E-4,-0.11749268,0.03489645,0.4226005,0.06852635,0.3499094,-0.39342234,-0.3821425,0.22928983,-0.26151007,
0.21528026,0.31024542,0.08546801,-0.29572746,0.4203209,0.4443824,0.19824187,0.31399393,-0.18505958,-0.30238074,0.4448824,0.20962632,-0.13514926,0.14419843,-0.3968222,-0.009060925,0.20616193,0.17228578,0.23874539,0.28536278,-0.2678078,-0.41445217,-0.08381886,-0.47057462,-0.41021687,-0.26754108,-0.2857987,0.08494333,0.1867581,-0.45335457,
0.022385329,-0.37822515,0.41578656,-0.16789915,0.13969514,0.42319867,-0.103745006,-0.35851118,0.1959847,0.2280975,0.022683382,0.28666937,-0.40883592,0.3337948,0.3290962,-0.27406076,0.009060124,-0.36956856,-0.009409067,0.2954205,-0.038594328,0.13113923,-0.15856457,-0.43217644,-0.40072647,0.37294677,-0.32048565,-0.15930709,0.14148034,0.1952835,
-0.12451421,-0.0928175,0.20622736,-0.08234551,-0.0114807915,-0.021074783,-0.46047014,0.3349635,0.31989837,-0.32803187,0.060349263,0.09121984,-0.47257337,0.29891965,0.041646693,0.2897544,-0.41983354,0.3524646,-0.27365196,0.15823904,-0.31533188,0.12610818,0.160829,-0.22088543,-0.239413,-0.019022051,-0.17707199,-0.36173654,0.086658984,-0.42226383,
0.28214398,-0.39240897,0.3549852,0.081120186,0.2443027,-0.22513866,0.29808512,0.48139322,0.2455946,0.19362077,0.38511518,0.1321839,0.09656908,0.3836915,-0.005663114,-0.21180974,0.065466836,0.032069672,-0.23909096,0.17400421,-0.3982085,-0.06066361,-0.39472497,0.32139996,0.45567927,0.22423989,-0.5314805,0.37788382,-0.31916985,-0.12113914,
-0.17463782,0.07771331,-0.23892118,0.39172998,0.32703987,0.10156037,-0.3519536,0.10983423,0.2122599,-0.10191092,-0.2813873,-0.016815709,0.02635472,0.29726225,0.0911646,-0.102954164,0.2443958,0.05487593,0.26983264,0.25169092,-0.28311396,0.36907005,-0.36086887,0.26773977,0.40102848,-0.4262327,0.37499222,-0.2673295,0.2348655,0.05125852,
-0.020035366,-0.35033205,9.189096E-4,0.11405786,-0.3907852,-0.38294327,-0.24785784,-0.052778427,0.058584698,-0.006117626,-0.24548218,0.0061622444,-0.36546022,-0.48206466,0.39163002,-0.13572384,-0.45633963,-0.28019163,0.3476832,0.3136151,-0.27236617,-0.26261407,0.27023217,0.3971289,0.30628255,0.35295874,-0.17886426,-0.23539558,-0.4810542,-0.39268303,
-0.014996219,-0.09416649,0.28840888,-0.24768324,0.4943232,0.39363304,-0.08109213,0.13638642,0.059883885,-0.14709625,0.024197869,0.16220053,0.19200365,0.41093785,-0.053233404,0.35666433,0.11616033,-0.33426023,-0.04261195,-0.22744074,-0.11097434,0.2558003,-0.30898336,0.39893764,0.34153855,-0.12677687,-0.2745608,0.16199687,0.52699524,-0.3874959,
-0.22090831,0.111398816,0.008877922,0.10386387,-0.31225324,0.32726002,-0.46529764,0.33517802,0.16036141,-0.0862182,-0.12971261,-0.005493785,-0.33402833,0.00990496,0.20552483,0.030920578,0.42164248,0.38271862,0.43436745,-0.3021509,-0.15921803,0.30821395,-0.2807905,0.19970636,0.352213,0.2537934,0.30051324,-0.40862626,0.34232324,0.16386825,
-0.21587643,0.4282739,-0.28492218,0.1882301,-0.34810418,-0.36437446,0.09080847,0.2792512,0.27504322,0.016505977,0.119112805,-0.27966157,0.17918772,-0.24035934,0.0033689742,-0.33536044,0.32041836,0.1881227,0.13547952,0.23611413,-0.21779007,-0.06928937,0.29038864,0.42158386,-0.16959213,-0.45146137,-0.027151054,-0.18252881,0.09185415,0.11263792,
0.3843393,0.027286883,0.04423145,0.0078777345,0.29667333,0.4343144,0.42157415,0.032394204,-0.010474415,-0.21741621,-0.03596135,-0.3039185,0.4152598,0.15455742,0.28820756,-0.27044752,0.34240168,-0.43948787,-0.39776993,0.38184538,-0.442891,-0.3869707,0.21957186,0.31113642,0.25813773,-0.1500175,-0.31716603,-0.12484945,0.38790125,-0.18266319,
-0.3405352,0.040526643,0.23270334,-0.17951722,0.5071529,-0.38693234,0.08055181,-0.053187616,-0.39732665,-0.20278177,0.2978651,-0.26670578,-0.500585,0.38436612,0.04100765,-0.18052651,-0.45064357,0.41163257,0.40226722,-0.2596575,0.13063203,-0.20090596,0.18662997,-0.38421202,0.069738336,-0.056441445,-0.11984342,-0.08353141,-0.1079087,0.30417147,
0.124019615,-0.03762571,-0.09400926,-0.023819264,0.025337689,-0.22472562,-0.15575972,-0.23434246,0.48001662,0.010394946,0.049774442,0.30731702,0.006416252,-0.18848272,-0.44293875,0.16091406,-0.34783238,0.0012323511,0.1846269,-0.16548954,0.49247533,0.41330275,0.1340995,-0.19077536,0.06800067,0.16659665,0.13416094,-0.30987322,-0.40128055,0.46855617,
-0.34110874,0.21349584,-0.18991968,-0.11010897,-0.12491862,0.4073635,0.021420904,-0.24171944,-0.16834961,0.4090277,-0.28705662,-0.18437047,-0.35572898,0.18383892,0.3923965,0.061375313,-0.10238817,0.2301473,-0.504063,-0.017449694,0.40128866,-0.122163735,-0.2977152,0.40044817,-0.1465451,-0.08111352,0.30510816,-0.25891635,-0.33128542,-0.37942156,
0.20820208,-0.16685766,-0.08763837,0.042998657,0.12055178,0.39663395,0.43600145,-0.3775608,-0.09816087,0.18296087,-0.17611098,-0.047448356,0.28402126,0.19197182,0.09745043,0.33516952,0.24862364,0.4362461,0.42386296,-0.26249966,0.14280696,0.18510017,0.41807204,-0.16822676,0.46192724,0.30550206,0.41196194,-0.28332785,0.04787452,-0.09543692,
0.02095363,0.00878368,-0.23109609,0.22414386,0.12828138,0.046371963,0.30828863,-0.08331875,-0.3940262,-0.3814956,-0.18671751,-0.0050525563,0.2396859,-0.35197023,0.04932446,-0.42107108,0.26602367,0.280295,0.03245349,0.3733764,-0.15508312,-0.26395184,0.16324933,-0.35111666,-0.17118903,-0.33857644,0.023616603,-0.0020734777,0.4166669,0.035602584,
-0.11950156,-0.220762,-0.07668977,0.38968766,-0.40227437,-0.24114665,0.3534306,0.33319032,-0.25413403,-0.38142645,0.32471824,-0.07936609,0.47174397,0.20393816,-0.19174068,-0.45706078,-0.18690257,0.25413352,0.086522356,0.07833097,-0.25192195,-1.5714274E-4,-0.25676972,-0.09180665,-0.24283947,0.022551527,0.05211934,-0.05233244,-0.2604716,0.38763845,
-0.33866397,0.41352135,-0.3796026,0.22272325,-0.1813158,0.033902287,-0.06166946,0.0616614,-0.4563555,-0.119568855,-0.14392342,-0.0135713145,0.40617013,0.2560892,-0.08563996,-0.19173224,-0.37967342,-0.49187258,-0.18277346,-0.1953124,-0.2445792,0.19678482,0.21991442,-0.26474422,-0.1333834,0.4549544,0.29167533,-0.14025985,0.32873636,0.010647291,
-0.3502474,-0.394117,-0.09736821,-0.21093096,0.42019728,-0.043327413,0.09551281,-0.13937162,0.2162139,-0.2632032,-0.12516773,-0.1119401,0.28069502,-0.26155195,-0.06075317,0.14606015,-0.26759312,0.25754672,-0.19699706,-0.30386707,0.33362585,-0.1447146,0.38897336,0.19635928,-0.16229841,0.2993897,0.022414306,-0.3085294,-0.3482429,0.038722653,
-0.0077966633,0.27187234,0.327271,-0.2146546,0.08090698,-0.16448207,-0.14746876,0.34793997,0.37722617,0.23039378,-0.113184445,-0.39849716,-0.07563493,0.122183606,-0.0722007,0.42350385,0.4397955,0.4735199,-0.12841149,-0.29875615,0.17886733,0.0135043,-0.3535472,0.49648333,-0.29129732,-0.44802308,-0.08173874,0.06672962,0.048583336,-0.26641893,
0.17886558,-0.1690035,0.37436503,0.20734097,0.25144845,0.32762495,0.17452031,-0.15793867,0.13390256,-0.196278,0.015483981,0.11962794,0.26621804,0.2376466,0.114471555,-0.26147342,-0.19246994,-0.36190286,-0.32852378,0.30797812,0.02970933,-0.37939665,-0.009711865,0.15623716,-0.30510002,0.25615543,-0.36082432,0.27939382,0.19986556,0.11132683,
-0.37749276,0.18004669,0.006554366,0.41765353,-0.4668871,-0.05037397,0.24615659,0.15590014,-0.010265135,-0.36342642,0.08576191,0.23919308,-0.15746275,-0.26005718,-0.1529987,-0.24551822,-0.39358512,-0.06745329,-0.26710886,-0.119938515,-0.11355845,-0.25301045,-0.48254377,-0.19059578,-0.353102,0.32186496,0.04317797,-0.14471501,-0.050042074,0.068818256,
-0.12041308,-0.041814778,-0.19304071,-0.06623399,0.18297973,-0.18525505,0.5114898,0.056845754,-0.09232168,0.07738611,-0.11575614,0.21830067,-0.20288809,0.31580186,0.30557668,0.40918308,-0.23600385,0.384109,0.41692615,0.014478105,0.009189774,0.0054475423,0.3214946,0.4053888,-0.33580184,0.2721738,0.40487075,0.06377018,-0.088109694,0.38251296,
-0.1906815,0.31296793,-0.07770264,0.32088342,-0.48464766,0.07996446,0.16338444,0.11815147,0.42171472,-0.21212113,0.36865366,0.32906803,-0.17735454,-0.1445394,0.060057662,0.11057443,0.40215528,0.007802026,0.123488925,0.4632766,-0.25438347,0.24370785,-0.13657479,-0.15435182,0.2912362,-0.17946076,0.41756546,0.40990728,-0.04792598,0.16448379,
-0.23108327,0.052694988,-0.37277916,0.18858992,0.029984782,0.2060338,0.06645628,-0.28623644,0.323292,-0.3773851,-0.17142376,-0.097415075,-0.21567366,-0.06319517,-0.34953278,-0.1450723,-0.15610835,-0.33606294,0.12179994,0.18598063,-0.20765568,0.14702013,0.30520052,-0.20306091,-0.41006887,0.11347001,0.113214344,-0.18058057,-0.19542576,0.20142159,
-0.32464215,-0.36056444,0.08809395,-0.15509638,0.44349366,-0.31229463,0.15821509,0.24265063,0.41508493,0.42759714,0.11785857,-0.32392365,0.008656584,0.28006855,-0.17771365,-0.18944517,-0.0646269,0.29619992,0.2514166,-0.29424748,-0.16319652,-0.12165002,0.44289848,0.0036721942,0.071512565,-0.32925543,0.29110876,0.403661,0.36469087,0.32144564,
0.32614633,-0.42456666,-0.1445889,0.28083095,0.47837248,-0.0109155,-0.17290439,-0.37671039,-0.19132164,0.51775664,-0.23174831,-0.02729595,0.11634444,-0.4298468,0.07965728,-0.2499954,-0.055662956,0.09054971,0.10873901,-0.010423159,-0.27234083,0.29114234,-0.16401273,-0.1950292,-0.35166112,0.28003022,-0.48339102,-0.2625211,0.25776976,-0.30041996,
-0.25741732,0.045604188,-0.14828098,-0.18499076,-0.42921117,-0.103085205,-0.350602,-0.37718207,-0.009223767,0.1976278,-0.29057735,0.1919127,0.029107606,-0.24824783,0.07649196,-0.22241798,-0.315606,0.3575768,0.07276836,-0.13614732,-0.16390595,0.034060422,0.11836953,-0.2988643,-0.3209676,0.3766463,-0.22950082,-0.28200445,0.19712418,0.04199542,
-0.29941288,0.12513402,-0.25350666,-0.38569704,-0.23504874,0.04797669,-0.104355015,-0.39908752,0.10876068,0.009106773,-0.0649612,-0.36240733,-0.3927267,-0.28855127,0.056437697,0.21789885,0.30151188,0.07354683,0.50723237,-0.34292647,0.30596864,0.21038942,0.076914094,-0.375479,0.350294,-0.23587301,0.04904009,0.10012979,0.07978556,-0.2868958,
/
-0.104890935,-0.09975967,0.16995728,0.026587518,0.13768224,-0.3837576,-0.0059665106,0.27856892,6.783976E-4,0.042934,0.023875969,0.03695566,0.18197256,0.106830664,-0.047848634,-0.052173987,-0.08125998,0.073107064,-0.07362431,-0.036792643,0.08963972,0.05927108,0.068751335,0.11486461,0.0318388,-0.12414632,0.3192771,0.1013614,0.18640335,0.0028862662,
-0.04174226,-0.045402538,0.041916076,-0.124401316,-0.1685831,-0.19316636,-1.2722216E-4,0.2496395,0.1943263,0.061339933,0.008432165,0.07178267,0.2553497,0.11454537,7.9820934E-4,-0.044467255,-0.038455047,0.09311798,-0.08239604,-8.0687023E-4,0.07848536,0.10837108,-0.016181879,0.011222148,-0.0019069588,0.03607438,0.18846448,-0.10777691,0.17028378,0.041433275,
-0.044695415,-0.070663676,-0.022185674,0.0438204,-0.20323803,0.02778076,-0.020420788,0.08338299,-0.024882281,0.019521618,-0.035057034,-0.0056984783,-0.13128635,-0.055522017,0.040562667,-0.030740704,-0.047469087,0.09574151,0.025622534,0.0053104656,-0.05345421,0.012680967,0.013468812,-0.019523462,-0.058502555,0.070646636,0.20680198,0.014370745,0.008025761,0.022838967,
-0.04512345,-0.062148586,-0.07780752,0.026186759,-0.080936156,0.23180187,0.026742881,0.007108622,0.022557592,0.008499242,-0.037406538,3.1558517E-4,0.19996783,-9.135444E-4,-0.019155266,-0.041593324,0.070842735,-0.02407834,-0.0542845,-0.027980026,-0.0423833,0.02918838,0.015955532,-0.019373251,-0.03751142,0.056062426,-0.3175002,-0.14627977,0.005811699,-0.008531288,
-0.014747858,-0.045604404,-0.1056535,0.012842368,-0.19145301,-0.18142648,-0.11732772,0.0858297,-0.0151218595,-0.033045076,-0.09221584,-0.04370514,0.24500251,-0.0448577,0.017177327,-0.0061934064,0.06277983,-0.049197298,0.073688984,-0.11439213,0.016037624,-0.015339779,-0.0755946,0.0095839305,0.06301481,0.050958715,0.10356095,-0.07606014,0.0049523087,-0.15430807,
-0.0437846,-0.029595401,-0.010252197,-0.056475352,0.18149157,-0.22432925,0.1366623,-0.06909193,-0.11867767,0.030823851,-0.00700088,0.035867978,0.26520023,-0.029791577,-0.05707627,0.07278214,-0.10199806,0.08522425,-0.032873765,0.10372509,0.06922909,0.03577546,0.03034644,-0.021434337,-0.05459051,-0.11405674,-0.15761591,0.046417527,-0.012517443,0.0784644,
-0.02776552,0.013572813,0.036469325,-0.02276857,-0.11070186,0.015895862,0.044312466,0.03279433,-0.0065030186,0.016358519,-0.11460243,0.01657533,-0.33261287,0.012014839,0.042072557,0.14984696,-0.12266994,0.031947806,0.104527295,0.03439373,0.045796804,0.024688127,-0.06345865,-0.022146503,0.029865934,-0.026384696,0.32037947,-0.046621263,-0.042123627,0.039264727,
0.11119346,0.015924618,-0.06464295,0.059661128,-0.15036912,-0.33135417,0.05642029,0.100660235,0.031357907,0.029030088,-0.07637776,0.0833012,0.22290021,0.024734782,-0.18831548,-0.040180936,-1.0660477E-4,-0.020229837,0.0953045,-0.052358303,-0.011579845,-0.026350511,0.030640502,-2.246612E-4,0.042006966,3.9856485E-4,0.26087153,0.0017160095,0.01848724,-0.059328888,
0.045710962,0.061012298,-0.024799889,0.048122548,-0.0856253,-0.15876144,0.13439153,0.29225978,-0.14538264,-0.0645616,-0.11719614,-8.141202E-4,0.30689174,-0.060545225,-0.15210189,0.07467834,-0.015177748,-0.22872424,0.05099481,-0.021600027,0.0076078274,-0.15015903,0.0062743956,-0.067708366,-0.032450095,-0.05457347,0.1254921,-0.11973702,-0.0903084,-0.012944275,
-1.6237785E-4,0.13551624,-0.03776586,0.032225795,-0.09859691,0.089706875,0.0027738465,-0.18892787,-0.011926657,-0.035480596,-0.0051568137,-0.037889622,0.18123381,-0.05990469,-0.07407925,0.014650293,-0.05097281,-0.14494997,0.10334246,-0.033487577,0.052297916,-0.08279826,0.0037536963,-0.041348327,-0.016260512,0.04312207,-0.4470966,-0.007101809,-0.052019715,0.0055855587,
/
-0.02404546,-0.04927043,0.043170568,0.022717915,0.044772696,-0.01584633,-0.07274356,0.046765085,-0.03754133,-0.09643205,
-0.07911122,0.07748306,0.018840162,0.011590289,-0.044377185,0.033453897,0.06603485,-0.06910215,-0.012076401,-0.0058445786,
0.023141326,-0.013199264,-0.027441602,-0.024652744,-0.03676156,0.008070487,-0.009529672,0.039210804,-0.062286105,0.04428954,
0.06423466,0.018105265,0.03386486,0.0023995542,0.04558645,-0.023680609,-0.06662418,-0.051126342,0.03933031,-0.023165524,
/
