#2921
0.21680094,-0.048264813,0.36269504,-0.4685336,0.18148994,-0.22181553,-0.13572305,-0.3586493,-0.33369607,-0.1377449,-0.17196807,0.11912734,-0.4707104,0.47822726,0.110606916,0.054898158,0.116372325,
-0.49936712,-0.21122219,-0.51000494,-0.14177725,0.37318176,-0.25581422,-0.51854324,0.2562538,-0.11913818,-0.29306987,-0.26638642,-0.18805446,-0.2137235,-0.23911457,0.24419786,-0.2314731,-0.3180323,
0.10982466,-0.13700745,-0.26485255,0.1258338,0.42650437,-0.37359896,-0.09358646,0.41264692,0.17423283,0.26997304,-0.1725353,0.07831832,-0.32283297,0.36832967,-0.37387064,-0.20009117,-0.020560367,
0.29941604,0.18999267,-0.15120831,-9.614371E-4,0.01721658,-0.25753266,-0.32538834,-0.31527704,0.19229403,-0.11011813,0.32756767,-0.09187648,-0.31481892,-0.5903189,0.29430205,-0.5127801,-0.112383366,
-0.35816202,0.37606767,0.08549903,0.1688993,0.33608893,-0.07199366,0.27948338,0.104199484,0.40773606,0.4776066,0.36713496,0.28176188,-0.2320441,0.15544286,-0.38444144,-0.41296005,-0.11066093,
0.1749403,0.38197774,-0.29530066,0.307527,0.15742296,0.2290493,0.46283427,-0.28775236,-0.09627311,-0.122146405,0.37824154,-0.22668464,-0.22300966,0.6661603,-0.43342972,0.2336577,-0.28015304,
0.5218565,0.070278496,0.1338499,0.15376708,0.57536006,-0.050621524,-0.29769242,0.43583888,0.49923325,0.018514154,-0.2810929,0.09690253,-0.062935814,-0.119614415,0.18806368,0.3785342,-0.04973449,
0.119332716,0.05914517,0.44800335,-0.20959698,0.26080692,-0.4749024,-0.32964215,0.33585683,0.41844663,0.4619243,0.52520317,-0.20249286,-0.17674458,0.41834986,-0.40046626,0.41598302,-0.19426921,
-0.15853569,0.4787698,-0.030867388,-0.17968374,-0.44191906,0.33098954,-0.45259523,0.40879127,0.30042025,0.33450842,0.035826284,-0.14605404,0.57881564,-0.5299879,-0.30117032,0.38949797,-0.6555242,
-0.40687695,0.12960155,-0.46085688,-0.038147327,-0.19435896,0.3624595,0.03679744,-0.33810046,-0.43013945,-0.34679082,-0.2485679,0.1647408,-0.02932749,0.40312314,0.44985098,0.10272929,0.17789042,
-0.15130618,-0.12047432,0.16954736,-0.26331627,0.4308272,0.32421553,-0.0749968,-0.11994401,0.27992678,-0.22635981,-0.3975988,0.2324292,0.64184237,-0.23336694,-0.32912853,-0.09195508,-0.35586724,
0.29302132,0.45187777,0.2844051,-0.0030472656,-0.22769427,-2.4101842E-4,0.14659198,0.064805664,-0.26562974,-0.31195384,0.27420625,0.093747765,-0.31785586,-0.22554626,-0.17418341,-0.084837675,0.032127656,
0.1705591,0.20814386,0.09446625,0.023262808,0.27034745,0.21699134,-0.15995756,0.47919205,-0.32718682,0.04991206,-0.33795542,-0.22158493,0.54581386,0.14715408,0.31471664,-0.554611,-0.14752738,
0.44343844,0.18021989,0.046791326,0.10686551,0.09380309,0.226541,0.34634647,-0.14875837,0.42685622,0.14066233,0.013265345,0.2330483,-0.060808945,-0.10639359,0.2925049,-0.0092229815,-0.20768,
-0.5501188,0.33192727,0.105049476,0.2878181,-0.35804647,0.23362859,-0.39747337,-0.1438573,-0.014442785,-0.48592395,0.29748762,0.07873829,0.10665177,-0.027611617,0.10637875,-0.25842765,-0.8639903,
-0.16563772,-0.2795524,-0.13244885,0.1012448,0.20343646,0.15066166,0.06067315,0.3788421,0.26807204,-0.36932755,-0.4664555,0.13337088,-0.46982962,-0.2240226,0.22585943,0.23105043,0.3570485,
-0.020917375,0.30582047,0.06577976,0.31621855,-0.032930654,-0.12508869,0.20697458,0.01704998,-0.39867988,0.27753925,0.20429939,-0.067749366,-0.06968701,0.47844192,0.5519167,0.04773438,0.610837,
-0.3406044,-0.2931753,-0.06376514,0.13231419,-0.21243756,0.12919931,0.2915862,-0.31672984,0.18607195,0.056173645,-0.26100162,-0.12583663,0.23091619,0.20717861,-0.48907185,0.30238378,-0.16865082,
0.40223166,-0.44497547,-0.102422215,-0.24447069,0.092430964,-0.39693248,0.2578734,0.23509537,0.25519115,-0.074771754,-0.48675573,-0.018013222,-0.27130616,-0.08938048,-0.35291106,0.28421634,-0.43281555,
0.14511915,-0.2192128,0.46991923,0.23776332,-0.27775735,-0.30925924,-0.004533936,0.12678194,0.09881469,0.006284758,0.22317787,0.029083297,0.22919764,0.19349025,0.54773873,0.23828326,0.0011029383,
-0.23067571,0.40050393,-0.16052872,-0.2969773,-0.020321997,0.48490942,-0.31213054,-0.37728882,0.5237287,-0.21302192,0.030272488,-0.200966,-0.40094954,0.45596975,-0.05099723,0.16562384,0.34956008,
0.06344086,0.16864885,-0.2714994,0.08896634,0.008487415,0.42478582,-0.14792058,0.36329687,0.30420497,0.377201,0.029853538,0.091175,0.19775435,0.18834212,-0.046496786,-0.43928272,0.29974896,
0.06396379,0.36091506,-0.45226324,0.047074467,0.100782625,0.44247714,0.33606064,-0.43917286,0.21975341,0.467772,-0.20319788,-0.24782439,0.37272894,0.5350447,0.5381264,0.49972594,-0.103040926,
-0.0798734,0.062290017,-0.3101788,-0.21722724,0.004423685,-0.1439136,-0.32097146,0.44114804,0.25386533,0.54725105,-0.2923233,-0.3329333,-0.7042786,0.13511154,-0.31188864,-0.020825481,0.28499997,
0.13097918,0.38826236,0.08264381,0.07880555,0.36697096,-0.44913998,-0.03994462,0.33269343,-0.34828922,0.38133013,-0.34504956,-0.011967303,-0.4172102,0.009652973,0.21676317,-0.09711202,0.5384822,
0.33675012,0.10026261,-0.10096546,0.032320548,0.08817297,0.16316868,0.0975429,0.34123796,-0.15518966,0.2863257,0.37911934,-0.096781954,-0.397216,-0.507271,-0.019392783,0.12835824,-0.69959396,
0.34862912,0.050098367,0.11707819,0.38790858,0.11801011,-0.05906313,0.2529888,-0.29714447,0.22057326,0.024217244,0.27550876,0.25410637,0.2211617,0.30345985,-0.15254438,0.3878915,0.46063885,
0.11401488,-0.32871848,-0.41377366,0.48128003,0.046648417,0.10930882,0.05997401,0.17645666,-0.3059426,0.03658912,0.11334453,-0.07706771,-0.35937592,-0.2038427,0.20464519,-0.1894452,0.53279465,
0.42413187,0.191033,0.13388619,0.041958727,0.16646227,0.31422782,-0.016618518,-0.23054956,0.23223715,0.26564035,-0.5119419,-0.040368203,0.16379286,0.09406851,-0.5283185,-0.07623023,0.6599486,
-0.1510193,0.3409696,-0.34020948,0.39472896,-0.24553898,-0.13138714,0.40414667,0.17449865,-0.42046615,0.29888937,-0.454006,-0.016278379,-0.020099431,0.8225665,0.12722535,0.10506919,0.022753093,
/
0.0087913275,-0.2811888,0.12968326,0.29633817,0.27596134,0.031356514,-0.011182535,-0.33170944,0.14644393,0.42703328,0.3693259,0.32541493,0.26577094,-0.18621294,0.40588745,-0.37127376,-0.012545671,0.22011985,0.34399247,-0.20616566,0.10637656,0.3529417,0.42206463,-0.36665893,0.23604125,0.3779937,-0.24123558,-0.32239938,-0.39656278,-0.4407039,
-0.0240957,-0.40303352,-0.31095633,0.5633496,0.40552455,-0.476215,-0.31179857,0.23506208,-0.35755637,-0.059920233,-0.2164737,0.17060404,0.0113795325,0.018950803,0.38928947,-0.41910583,-0.5341289,-0.3858007,0.2001558,-0.039649073,-0.20764348,-0.40446508,-0.31556895,0.21339974,-0.0265644,0.27042967,-0.036889035,0.089964665,0.044622898,-0.21547145,
0.15742742,0.17225245,-0.40192154,-0.18531163,-0.2910642,-0.09661851,-0.4062679,0.4141471,0.34203798,-0.39334163,-0.46466428,-0.1308021,-0.29400432,0.28196132,-0.030235926,0.065347716,0.1550845,0.18128784,-0.047115766,-0.062176917,-0.14053522,-0.13790876,0.38503212,0.35703275,0.26012847,-0.33393005,0.046805434,0.07204892,0.32001036,0.09571266,
0.38589564,0.2641329,0.3050843,-0.05811188,0.28911084,0.48712242,-0.20846198,0.40663567,-0.09403494,-0.1497166,-0.23957266,0.41763225,-0.4345861,-0.31526098,-0.29479682,-0.29331887,-0.08844797,0.3773992,-0.30846825,-0.3013228,-0.30898064,0.40825474,-0.29073974,0.3913319,0.14299652,-0.21678887,-0.03995113,0.12894766,0.3217916,-0.13517044,
0.2649611,-0.018383212,0.03510626,-0.1755736,0.049090464,0.26262265,0.0053151203,-0.4793883,0.21723075,-0.3385,0.36161256,-0.47150555,-0.12278683,0.27655396,-0.037357535,0.1869377,0.040692244,-0.30016947,0.08255099,-0.1804867,-4.8805412E-4,-0.11763187,0.26439664,-0.23832768,0.09514909,0.09489727,-0.41823786,0.14043088,-0.476453,-0.1971041,
0.5275613,-0.123273134,0.45421597,0.3400179,-0.4332496,-0.27461407,0.2200958,0.40229526,-0.22014612,0.45857096,0.12488035,-0.057811163,0.26643792,0.31355354,-0.48493254,0.38693655,0.5171158,-0.24031597,0.038407687,0.29159188,0.39946103,-0.2148505,0.24006474,0.2570134,0.4530492,-0.43094972,0.45594734,0.19864926,0.23061314,0.029759029,
-0.33526224,0.43817917,-0.0403545,-0.23091686,0.02009786,-0.2503768,0.14339852,-0.05301335,0.5258882,0.095553406,-0.34254196,0.25343242,-0.4003159,-0.047330916,-0.13544363,0.1474142,0.31344035,0.107201695,0.3600843,0.39989126,-0.08301632,-0.30886382,0.09486579,0.3640505,-0.31600207,0.3403956,-0.021232208,0.11917079,0.036594465,-0.14903906,
-0.3589895,-0.28940678,-0.07248008,0.11863512,-0.38630888,-0.44701323,-0.29499424,-0.2077196,-0.10667976,0.47800872,-0.11474027,-0.05688228,-0.20575708,-0.038552947,-0.21941182,-0.338077,0.30064744,-0.44434956,0.23756541,-0.054120135,-0.2879845,0.39700687,0.292323,-0.17889723,0.08471291,-0.52112913,-0.15831667,-0.055252478,0.43133005,-0.2026772,
-0.17028436,-0.52989715,-0.19034983,0.104605876,0.27076247,-0.29916602,0.16524805,0.4499756,0.43620297,0.06822723,0.09919084,-0.3387247,-0.24780543,0.31364346,0.007066731,-0.4405565,0.22773136,0.25261086,-0.12298871,-0.19358087,-0.06575154,-0.12112494,-0.24326672,0.32736942,-0.47034892,-0.11811718,0.4732687,-0.15871741,-0.13309257,0.004680543,
0.5211242,-0.15982896,-0.29705968,-0.20667689,-0.013089845,0.28475755,0.33616614,0.38468394,-0.2989532,0.48521218,-0.47725827,0.051276337,-0.08843,-0.106533095,-0.35340485,-0.08927967,0.48062593,-0.34361175,-0.44618002,-0.35509908,0.05741212,0.09835766,-0.39217135,0.29478946,-0.3389916,-0.46814546,0.0239246,-0.3910026,0.36158276,-0.1943169,
-0.4371575,-0.19143787,0.119443044,0.04817951,-0.32979834,0.28761923,-0.14326446,-0.38459915,-0.2818973,-0.15344524,0.13397674,-0.21512064,0.22094378,0.37986478,-0.047436427,0.42740127,0.16041492,-0.33651248,0.3046533,0.11374339,-0.21448025,0.32224447,0.4076372,-0.49658147,0.1111729,-0.11458525,0.159852,0.02168272,-0.11198122,0.40063146,
0.32796955,0.3976687,0.2341402,0.12976447,0.19747639,0.28037345,0.2854372,-0.29166508,-0.43554938,-0.344118,0.4368784,-0.07035,-0.21987419,-0.1967542,-0.39566916,-0.3131575,-0.43187726,0.53882164,-0.29740375,0.17475818,0.2429053,-0.4934948,0.13427193,-0.2541023,0.19020759,0.22152928,-0.4351912,-0.08016162,0.2995831,-0.32678762,
0.22784542,-0.43151945,-0.26607838,-0.08379807,0.25167006,0.24512175,-0.07960227,-0.30201104,-0.4020732,0.33556786,0.17319955,-0.041340087,0.10492206,-0.39668897,-0.14427756,-0.3432117,0.21354224,0.3522949,-0.21957636,-0.20884882,0.37881672,0.3303516,-0.38617462,0.30626822,0.2865457,-0.09072454,0.42080873,-0.15037103,-0.04728881,0.4012162,
0.1599995,-0.33385023,-0.25077263,0.09895128,-0.46572974,-0.017647007,-0.44300467,0.12033884,-0.33274075,-0.06919755,0.28189585,0.073652655,-0.4269566,-0.1710659,0.3157085,0.107580796,0.12469059,7.862595E-4,-0.13254644,-0.1485366,0.45998853,0.14644103,-0.14855662,0.5100665,0.16198452,0.39826813,-0.047258653,0.37202635,0.24055895,0.43078378,
0.15289491,0.33029097,-0.31252888,-0.31193495,-0.3396379,-0.3210571,0.032524604,-0.14133805,-0.15168954,0.41951126,-0.10074527,-0.40599203,-0.13194339,-0.40209737,0.01313715,-0.43669528,-0.2970337,0.016180072,0.28991774,-0.2464618,-0.2170889,0.41300353,0.3843965,-0.29472902,-0.41319904,-0.25066754,-0.023162477,0.1982833,0.419321,-0.14784479,
-0.04432479,0.22630149,0.36112878,0.2220857,-0.023826247,-0.05227944,-0.20310786,-0.34044695,0.063778535,-0.08076596,0.48048636,0.4364312,-0.08196457,-0.30653474,0.025813568,0.109055914,-0.21330076,-0.4445663,-0.07574561,-0.17015974,0.3383057,-0.43913224,0.256653,0.40978396,0.2672828,0.19847766,0.07241794,-0.50195783,0.44606462,0.18991208,
0.33800918,0.13570647,-0.31298003,-0.4771563,0.0011273674,0.08665368,-0.3707731,0.4171044,0.4599332,0.38261688,0.5838285,-0.019372141,0.073114805,0.21490332,0.49675083,-0.40321875,-0.053576205,0.28891748,0.2532405,-0.024834396,-0.04453928,0.24851614,-0.15917075,-0.13009584,-0.26395628,0.44208103,0.43868944,-0.26220196,-0.19548178,-0.33542523,
-0.37811065,0.5296101,-0.03635511,-0.28929842,-0.25159258,-0.11090562,-0.24231572,-0.22314051,0.037673652,0.23373814,-0.4354295,0.18139806,-0.3704935,0.07095176,0.23201436,-0.3933201,0.26972035,0.33809018,0.34944612,0.29444417,0.4226642,-0.38622528,0.30617228,-0.3075985,0.21164426,-0.49466458,-0.31855872,-0.25279468,-0.3430492,0.3595261,
-0.42671594,-0.162067,0.25596946,0.058679845,0.25253043,0.40662223,0.28442913,0.15189104,0.18918315,0.15542853,-0.11011394,-0.11633285,-0.2495745,0.4353093,-0.09562754,0.26005146,0.32868332,0.42986515,-0.29832613,-0.36842802,0.22953476,-0.4328838,-0.04753552,-0.103778176,-0.24248546,0.39417803,0.45634383,-0.11091775,-0.54336894,-0.35827923,
-0.26500356,0.21351188,-0.12634099,-0.2904956,-0.318362,0.2937457,-0.36634853,0.26265207,0.07133948,0.35627744,-0.32707033,0.19935794,0.09377226,0.27286762,-0.1962346,0.1623081,-0.26801407,0.3003051,-0.07967206,0.44215214,0.4663153,0.33217534,0.39578387,-0.1433977,0.58655685,0.46710992,0.32385793,0.18084207,0.24559367,0.20114431,
0.37973762,0.37464768,-0.46198195,0.3861826,-0.23302943,-0.3057665,-0.4323922,-0.23656426,0.0910094,-0.13426147,0.2968638,0.052672032,-0.25698772,-0.18991405,0.31409818,0.30303705,0.112327896,-0.21644607,-0.4356688,0.18414332,-0.49546307,0.2761873,-0.4863311,0.07246373,-0.007892676,-0.25873458,-0.42369425,-0.14975873,-0.124749206,0.4481272,
-0.41942754,-0.22496544,-0.23062702,0.2708298,-0.5058512,0.36933693,0.2488096,-0.2286355,-0.29971746,-0.2002166,0.38395992,-0.3718409,-0.44423997,-0.07607584,0.19650227,-0.0932838,-0.30215466,0.07352888,-0.20941018,0.34060878,-0.25821772,-0.16526222,-0.53762305,-0.12928209,-0.4590205,0.4619854,-0.199444,-0.07312951,0.24830116,0.2540392,
0.20126918,0.302873,0.37432685,-0.15057245,-0.16589366,0.09651393,0.09891761,-0.18683262,-0.4916871,0.40181595,0.025777897,-0.10137788,0.30580458,0.47980615,-0.22170244,-0.24520113,-0.27977622,0.06311735,-0.29877526,-0.084226884,0.03286842,-0.41206595,-0.3681982,0.44853196,0.2743865,0.14958832,-0.34666893,0.06081726,-0.21475817,0.28241748,
0.30244222,-0.16498129,0.27862576,-0.11665649,-0.25855502,-0.22042568,0.5312995,-0.17016827,0.2101566,0.24398336,-0.5031816,-0.090114534,-0.21575809,0.027310342,-0.39373994,0.15445502,0.28593898,0.0054191267,-0.112412035,0.037579663,0.36653244,-0.054204296,0.1371069,-0.052472305,0.02395461,-0.091030255,0.3908168,0.39549118,0.2887413,-0.30818966,
-0.18673892,-0.26567453,-0.3352143,-0.4042829,0.41300488,-0.2793007,0.37934968,-0.027943822,0.40788347,-0.004290169,0.24449156,0.40300995,-0.24378236,0.29543117,-0.23443045,0.41036183,-0.054198723,0.31581262,0.007904933,-0.02879644,0.089235105,0.42667073,-0.025434187,0.25753424,0.375049,0.16255231,0.058193695,-0.044453092,-0.47966245,-0.081391394,
0.35732678,0.4258546,0.34054598,0.002912572,-0.10949969,-0.22975557,-0.12226536,-0.412253,-0.43229893,-0.43564278,0.017319275,-0.4840592,-0.3754286,-0.44263345,-0.23762535,0.12202058,0.19521679,0.024986872,0.340112,0.3526297,-0.35209367,-0.40420958,-0.38260987,0.13743378,-0.20365566,0.20186685,-0.3943427,-0.054061934,-0.14443837,0.07982285,
-0.51455516,0.06044621,-0.2962815,-0.3180506,0.06274109,0.48175842,0.18896973,0.011827841,0.25497738,0.09154743,-0.14636202,0.46546826,0.17453669,0.36423814,-0.41631743,0.31252542,0.123799585,-0.14427944,-0.1352886,0.37463963,-0.22127946,-0.1029834,-0.49678007,0.024439368,0.039272193,0.18944131,0.4842964,0.23665135,0.39313042,-0.10691864,
0.479232,0.59489256,0.23783675,0.3704035,0.01487483,0.40733606,-0.48201936,0.09489607,0.043669216,-0.19063973,0.011144434,-0.477479,0.36739188,0.3399037,0.25135204,0.10845757,-0.3239721,-0.08966567,0.24659798,0.2589474,0.033928167,-0.43027833,-0.378641,-0.29750684,-0.089823134,-0.4819539,0.27742866,-0.1094976,0.22203796,-0.2567916,
0.056229416,-0.021076359,-0.21363959,-0.4090724,-0.19072455,0.24152608,-0.20291676,-0.07327759,0.18226556,-0.14470515,0.2657245,0.1431683,-0.12613566,0.4115628,-0.33362585,-0.18624413,0.3264538,-0.12797216,-0.22417893,-0.35429615,-0.0015824616,0.49335605,0.102156945,0.31650096,0.05155972,0.19251837,0.54088104,-0.022327723,-0.4141991,0.36568937,
0.42122436,-0.34752697,-0.09882072,-0.48626047,-0.029045284,0.31495997,0.39963356,-0.08405031,0.46080118,-0.020747846,-0.41630545,0.21969503,-0.21327274,-0.41557708,0.025150003,0.25331298,0.2290596,-0.13216448,-0.04695013,-0.036711942,-0.3737808,-0.023427311,0.41253746,0.12959895,0.12997177,-0.22748815,0.21616286,-0.486701,0.5296256,0.07402709,
/
-0.0103120105,0.01871309,0.3049856,-0.30173525,0.2970565,0.0058095506,0.016844394,-0.033822916,-0.31075618,-0.28261453,-0.15603758,0.17282985,0.31227314,0.12363619,0.43821612,0.37494585,-0.3953357,-0.18022801,0.04111397,0.070785604,-0.20193453,0.31871292,0.27591693,-0.3629098,0.44328824,-0.41953304,0.34781843,-0.18612204,-0.21952821,-0.01547175,
-0.21692328,0.10994757,0.111582674,-0.23581521,0.29474503,-0.16546308,-0.33529133,0.28907374,0.46779573,-0.060521252,0.059292894,-0.059382025,0.24401513,-0.029345926,-0.5228248,0.09494313,-0.06907132,0.23643845,-0.17380497,0.37128532,0.19289505,0.22913389,0.16187929,0.12223366,-0.20920385,0.36276513,-0.042424303,-0.36393875,-0.114562206,0.28350785,
0.2619232,0.3098176,-0.26241857,0.049014643,-0.15898517,0.37886637,0.16116984,0.22144262,0.13158664,0.027051268,-0.5151126,0.54630196,0.038227722,-0.13702853,-0.06295774,-0.3516719,-0.2220243,-0.08836228,0.1690055,-0.14888337,-0.24551909,-0.03297869,0.24777657,-0.053568814,0.09452346,-0.29410538,-0.03826461,0.32325986,-0.11640774,0.16604927,
-0.19674912,-0.11350664,-0.15332876,0.51317257,-0.17729878,0.288313,-0.34146735,-0.29590142,-0.27419004,-0.36560184,0.23534554,-0.0013620037,-0.26291555,-0.28733376,0.20579153,0.003299193,0.21378295,0.34959304,-0.12221892,0.22324982,0.08099951,-0.37909445,-0.42472318,-0.1296008,-0.25513342,0.22081196,0.030008635,-0.502564,-0.29640177,0.04154303,
-0.31214702,-0.2369478,-0.18550184,0.26726225,0.012451542,-0.080563374,0.32556206,0.15104511,-0.138256,-0.36037123,0.12540026,-0.37039435,-0.14532107,0.23314457,-0.33887613,0.3556761,-0.3077984,-0.3873952,-0.27572593,0.08434268,0.28745812,-0.07069765,-0.29123515,-0.4255819,-0.26038283,0.2514597,0.24498451,0.42539805,0.45796257,0.023304429,
-0.3284694,0.16100617,-0.19968513,0.37492713,0.10561692,-0.2591658,0.19125752,0.17823827,-0.15450722,-0.0033332217,0.21429387,-0.27980542,0.42984453,-0.3940871,-0.33566752,-0.029148491,0.39174625,0.031062474,0.15639654,-0.016104592,0.4388557,-0.39067638,0.07135841,0.11991036,0.0767965,-0.033692766,0.007626445,-0.0035888623,-0.17261234,-0.46512952,
-0.20151417,0.16340943,-0.44834864,0.12691073,-0.372192,0.32141024,0.33598864,-0.083607666,-0.0971547,-0.26093578,0.11807313,0.41750106,-0.24319136,0.125806,-0.1633977,-0.28562003,0.044551495,0.29754105,0.13739671,-0.34391248,-0.27768162,-0.024237838,-0.024399083,0.0023979568,-0.16449594,-0.03390112,-0.116851285,0.43127713,0.32072148,0.4334243,
0.053852312,-0.14212076,-0.28890935,-0.05514044,-0.0846581,0.12450755,0.0018433136,-0.30587533,0.29517967,-0.14579444,-0.29020628,0.12066058,0.041523263,-0.2394266,-0.08811452,-0.1889666,-0.27923676,0.1750906,0.29766485,0.26329112,0.21137157,0.15871249,-0.2408546,0.23261234,-0.21032138,-0.09265503,-0.25657225,0.34658533,-0.26706094,0.33569607,
-0.17458329,0.08390971,-0.18007936,-0.30371866,0.250623,0.15264186,0.20044366,-0.21181737,0.030145619,0.05281434,0.14483936,0.034311436,0.462634,-0.24356389,-0.2915957,0.08519579,0.1885749,-0.40655673,-0.34530613,-0.083213285,0.2881555,0.12960532,0.21694668,-0.28988662,0.053085756,-0.019738438,-0.011148089,0.014851621,8.4728806E-4,0.28445458,
0.17345305,-0.40721956,0.42302772,-0.07751906,0.30563682,-0.22083162,-0.32458317,0.27416053,-0.19852778,-0.30898297,0.19448787,0.13343759,-0.12874968,0.14566721,-0.37033284,0.2982438,0.10471725,-0.3829194,-0.3455058,-0.20546333,-0.30044386,0.15867782,0.58150345,0.24156076,-0.09588135,-0.39433926,0.15713419,0.18404007,-0.19252929,0.2882998,
-0.17519404,0.33984122,-0.328685,-0.2534068,0.32659805,-0.16647947,0.13093136,0.29083538,0.44841287,0.25667953,-0.24934313,-0.18868183,-0.1711972,0.28657678,0.05975663,0.22793247,0.23870632,0.11106758,-0.4231467,0.09798582,-0.017150665,-0.26727778,0.29817832,0.029839527,0.12475304,-0.003606144,0.083874285,-0.25364128,0.18578205,0.45005482,
-0.3079367,0.06242207,0.3569,-0.18584912,-0.21090724,-0.16988918,-0.33730474,-0.37453216,-0.14993215,0.22853875,-0.17722586,0.08477026,-0.06331106,0.0309849,-0.41519928,-0.35931817,0.2817938,0.31580582,0.08397583,-0.3153431,-0.2886775,0.07820333,-0.14034814,0.24920027,0.004209818,-0.3362464,-0.14660738,0.42864078,-0.21760516,-0.13716093,
0.08433085,-0.03496312,-0.28625146,0.08505704,0.333137,-0.3416339,0.4514514,-0.02689598,-0.44639292,-0.032552604,-0.25046286,0.16999361,0.44969007,-0.05325996,-0.20496945,-0.20111614,-0.17367227,-0.38969815,-0.19786894,0.17652804,-0.20655291,0.1243275,0.3074405,0.27068493,0.007297634,-0.08364966,0.0012966217,-0.122839704,-0.17837809,0.017784683,
-0.32285365,0.013550656,-0.2838556,0.19492777,-0.33518603,-0.22620273,-0.041141905,0.29221508,-0.35646054,0.22173917,0.0170762,0.11405212,0.4403578,0.031411782,-0.27932313,-0.062335733,-0.33096436,-0.16873594,0.18641818,0.32634258,0.16870402,0.13894373,0.2939139,0.3249551,0.33827698,0.23363793,-0.06698757,0.22450761,0.20709275,-0.27262613,
0.018569753,-0.18259838,0.4044492,-0.26996773,0.044628043,-0.3624105,-0.36728913,0.296764,0.531804,0.34882122,0.0047665606,0.023908228,0.09667457,-0.41628045,0.24821149,0.27208018,-0.015554899,-0.1951638,0.12887213,0.2522803,-0.11653897,-0.22183627,0.024845472,-0.23233987,-0.103580244,0.14081633,-0.3293235,-0.35538068,-0.20947522,-0.3840086,
0.09123979,-0.14984915,-0.10271124,-0.21899554,0.23192506,-0.21235788,0.14923769,-0.4834072,-0.42817923,-0.08147329,-0.046406634,-0.32480383,-0.26096517,-5.859356E-4,0.1388573,0.1365776,-0.31087226,0.29161188,0.44498563,-0.42147955,-0.25923353,-0.32649457,-0.3825628,0.2251963,0.16624144,0.063174084,0.19842383,-0.14000121,-0.3926259,-0.33138317,
0.02467778,0.24171838,-0.35487002,-0.16029727,0.25746143,-0.08981044,0.38398144,-0.3597703,0.33449623,-0.041492324,0.33328506,0.41516134,0.21636842,0.20157756,0.13781326,0.13894711,-0.06431455,0.3798993,-0.15657207,-0.12690482,0.09695835,-0.30491015,0.1511649,0.26818112,-0.048899952,-0.5685241,0.3306051,0.2732268,0.08554587,-0.05880222,
0.40342993,0.23244561,-0.17251882,0.19990592,-0.1386177,0.21187447,0.18947646,0.37766692,-0.26490268,-0.092208214,0.02425967,0.0686613,-0.31606382,0.246568,0.09708934,-0.26820514,0.35865903,-0.23511098,0.28389767,0.30433214,0.1260469,-0.15908743,0.17722398,0.2639619,-0.4281256,-0.34353098,0.004996796,0.11346296,-0.24965508,0.43844005,
-0.09707653,-0.40773678,0.00801643,0.079162724,0.21020399,0.48437598,0.46316794,0.05776408,-0.08479111,0.49066433,-0.2324028,0.33944252,0.30041134,0.4718612,0.10195212,-0.08097609,-0.20912108,-0.06720094,-0.10846052,0.4072967,-0.32311425,-0.1716808,0.1213922,0.30330986,0.20336786,-0.2209973,-0.43236765,-0.13270304,-0.29125026,0.3427492,
0.3824299,0.14314508,0.02488119,0.29198295,-0.028812462,0.19796672,0.20337416,0.20465857,0.17152388,-0.3362734,0.070657894,-0.17490958,0.1027794,0.326538,-0.41942146,-0.28921694,-0.001659995,0.02666721,0.2739481,-0.3413028,-0.10556794,-0.19680864,-0.07903163,0.330116,-0.1714198,0.30234194,-0.40303797,0.19363041,0.16084647,-0.03387837,
-0.07033915,-0.122668214,-0.30552602,0.010846236,-0.09178043,-0.087672286,0.17737871,-0.19021073,0.32502282,-0.014100325,0.25997305,-0.27627656,0.31268972,-0.22756322,0.032748982,0.20591892,-0.16119757,0.29720148,-0.2430918,0.19533844,0.14816119,0.1160445,-0.19253823,-0.20119765,0.1903658,0.067697585,-0.18015425,0.10496099,0.2946714,-0.26773894,
0.4906551,0.17482446,-0.26168334,0.31223163,-0.15116757,-0.61422694,0.27422053,0.19559559,0.01125417,-0.043284845,-0.26594913,0.16183195,-0.3960495,-0.006886759,0.020302093,0.11836155,0.43863976,0.09257036,0.4057449,0.019256195,0.3080409,0.20244248,-0.42329878,0.30747756,-0.22480811,0.1130546,0.45039296,-0.4691004,-0.3590499,0.036724184,
0.0050238357,0.055253994,0.15454814,-0.2310407,-0.29491344,-0.19013537,0.09770852,0.24216034,-0.1026155,0.32030937,0.0473863,-0.43735597,-0.27727947,0.20954941,0.1754284,-0.09587347,0.13172643,0.083341286,0.045824666,0.009224706,-0.22159237,0.07172375,-0.3761052,0.08394589,0.041264027,-0.40567708,-0.37856334,0.3608605,0.13378866,-0.3695027,
-0.3894268,0.23967548,0.18933392,0.09135996,0.13636228,-0.31755894,-0.5011113,0.18696967,0.36404866,0.0056455145,0.23127937,0.24289916,-0.236134,0.44542673,0.079833135,-0.14131425,0.10987554,-0.17290649,0.39130777,0.41829488,0.3663104,0.10527382,0.20540231,0.12729777,0.33309618,0.12527058,-0.33991385,-0.05881438,-0.2550643,0.0090858005,
-0.3099675,0.07409269,0.19720188,-0.0840038,0.030830525,0.45153007,-0.3156328,-0.22399129,0.0023707352,-0.048422907,-0.0929569,0.14201713,-0.18251327,0.11965014,-0.26497415,-0.17767967,0.123982,-0.039275154,0.22932938,0.07036733,0.013555343,0.30698097,0.041641876,-0.3297302,0.32836562,0.3543804,-0.10816075,0.39058802,0.19548345,0.08436053,
-0.025716076,-0.039998826,0.31466308,0.14641038,0.027433021,0.28840777,-0.27022743,0.2872987,0.27719128,-0.37202543,0.13004485,0.20632668,-0.04600746,0.41316423,0.38279712,0.09101016,-0.011790241,-0.025890494,0.1878681,-0.09092097,-0.20403813,-0.4384743,-0.30304655,-0.3956748,0.3091832,0.043939937,0.0757448,0.24967588,-0.20131007,-0.21159486,
-0.29606327,-0.3159161,-0.18750197,0.20316596,0.19095567,0.33396992,-0.31352064,-0.33624208,-0.07567692,-0.27748436,-0.3590212,-0.32053968,-0.38400736,-0.24277292,0.29384747,0.23784836,0.08493721,0.03872233,-0.102450706,0.012702363,-0.14001732,0.12741645,-0.03728875,0.34508824,-0.28854147,-0.35793146,0.08112273,-0.06742333,-0.25736946,0.21725827,
0.09467615,0.3055899,0.03867147,-0.06135866,-0.27985075,0.30361587,0.12792557,0.1937261,0.4367216,0.3543761,-0.030040685,-0.09214428,-0.35013336,-0.41060048,0.18029952,-0.0039003089,0.00978753,0.24616934,-0.21312603,-0.06067886,-0.27401954,0.23589437,0.45595416,0.3091317,0.21047303,-0.10386935,-0.14328879,0.35021797,0.24558744,0.23328204,
-0.49421912,-0.21159378,-0.41542652,-0.21072407,0.005411874,-0.23391588,-0.29551545,-0.33299646,-0.075641334,-0.3485729,-0.4534608,-0.058283553,-0.18267576,-0.4341883,-0.35633656,0.33345416,-0.12142977,0.047041874,-0.12448092,0.31566292,0.23467903,-0.29809052,-0.059290487,0.19453332,-0.060891006,-0.05554654,-0.31072468,-0.06022193,0.19386584,-0.17499213,
-0.0026572335,0.071121335,-0.13466638,0.09212275,-0.27898556,-0.03183383,-0.067272455,0.22604135,0.14753601,-0.19610436,-0.14504594,0.23987874,-0.15227112,-0.310151,0.404375,-0.052746773,-0.054531597,-0.117137626,0.1285279,0.19401366,0.07911722,0.17375556,0.30892587,0.3400751,-0.07477603,-0.26390153,-0.4741407,-0.43293163,0.2818722,-0.2256172,
/
0.083376385,0.07978358,-0.06327815,0.15883702,-0.0064854803,0.018230824,0.02661369,0.04129671,-0.003257961,0.06339965,0.07035178,0.05780769,0.1845541,0.05383255,0.01343244,0.07884209,-0.06814971,-0.029904766,-0.09921302,0.14706394,0.0475853,0.04425931,0.031276904,-0.04311387,0.13169153,0.04032398,-0.035140462,0.068383805,-0.08700962,-0.05830994,
-0.055229157,0.0060923193,0.010535551,-0.11563309,0.04483314,-0.041554447,-0.0937708,-0.077914216,-0.044277675,-0.077807344,-6.6987233E-4,0.07218612,-0.008047288,-0.019597337,-0.04920391,-0.06161247,0.1114664,0.11982408,-0.14170636,-0.100694865,0.08134701,-0.10595539,-0.11231791,-0.02003864,-3.4671693E-4,0.010029623,0.088378295,-0.012351178,0.029794255,0.05942201,
0.026506448,-0.038308732,-0.054823484,0.004056804,0.028549708,0.19864182,-0.030700343,0.06745257,-0.10484313,0.090844385,0.035910625,-0.015794149,-0.095287144,0.040443797,-0.07926802,-0.0037141575,0.05283085,-0.023318188,-0.004823772,-0.064516224,-0.11010738,0.022384208,-0.043209888,-0.0023088586,-0.0070093395,-0.07980098,-0.053540103,-0.063536264,-0.061067984,0.06241951,
-0.026361128,0.0030631046,-0.09394288,-0.05251902,-0.014302135,-0.08715687,0.026808444,-0.096685275,0.031153003,0.027325686,-0.013714541,0.0057170796,0.052809697,0.089191385,0.12673235,-0.07229531,0.07141037,-0.0713745,0.094399825,0.040050842,-0.0988793,0.0072763367,0.12779538,-0.08042753,0.045516245,0.09766473,0.025212023,-0.005930231,0.1194987,0.026797717,
-0.0393026,-0.07170324,0.025545204,-0.063384056,-0.043269947,-0.055292364,0.1986735,-0.10141071,-0.09862821,0.09333621,0.016758392,0.08013097,0.04823906,-0.043579716,0.061503362,0.052569576,-0.19673994,0.08053277,0.015499732,-0.009393429,0.1989971,-0.030015372,-0.11967322,0.017904911,-0.028972525,-0.009314879,-0.14915265,0.022171443,0.09020047,-0.045093488,
0.09816721,-0.06264275,0.053037953,0.019736422,-0.0040621734,0.0025409632,-0.06657876,0.10848744,-0.030122893,-0.027694153,0.07678118,-0.061133552,-0.045720194,0.013284106,0.04528014,-0.027549986,0.019353421,-0.026036033,0.012280947,0.041064017,-0.060049504,-0.10484537,0.0882025,0.043418653,0.048506953,-0.03324875,-0.0064246333,0.05614337,-0.055529486,0.022494115,
0.06951803,-0.057139218,0.06563257,-0.055539712,0.0043506944,0.08170937,-0.07854331,-0.12865743,-0.056001432,-0.043908425,-0.062189,0.08661354,0.05780597,-0.1885201,-0.024554254,-0.057204235,0.058249183,0.06232163,0.041443642,0.054374862,0.115207,0.058070175,0.024235032,0.06744081,-0.052665778,-0.033712305,0.099877164,0.10867667,0.10756412,-0.058081437,
0.023208257,0.05077201,0.16834882,-0.03142983,0.082313456,-0.03513775,-0.13115902,-0.17791827,0.02665802,-0.13619179,-0.031673063,0.09490082,-0.03978385,0.03540474,-0.05244042,-0.00598226,0.012345944,0.13335274,0.1054297,-0.08580302,0.19092013,0.19064471,-0.1306058,0.032450005,-0.06620629,0.11645705,0.0530542,0.09763598,-0.031730954,-0.005713915,
0.03036927,0.051441,0.0409456,0.054657545,-0.008727358,0.05293084,-0.090944365,0.034732394,-0.027925778,0.0150957275,-0.024302159,0.0670744,-0.04843882,-0.058859833,0.012182246,-0.04326624,0.002742904,0.06775395,0.12704758,-1.19647004E-4,0.13346973,0.10451877,-0.041364677,-0.05224399,-0.03186292,0.056882553,0.03582375,0.110915564,-0.07991098,-0.010024515,
0.009737423,-0.051799946,-0.0045317337,0.031472906,0.027086338,-0.02574347,-0.06168102,0.038237046,0.019583162,-0.05198506,0.0029335718,-0.034018278,-0.008166737,0.030993365,0.04308954,-0.10144983,0.022637796,-0.06493495,-0.070737526,0.021913303,0.012671493,0.0019771196,0.009678368,-0.003372987,-0.0804035,-0.02356756,0.13806297,0.056400493,0.028980205,-0.11337063,
/
-0.0022072473,-0.020339943,0.020709094,0.023534121,0.0015585826,0.032788116,7.589011E-4,0.014107134,-0.01954816,-0.0360415,
0.035362404,0.024879124,0.042842366,-0.11589217,0.013658303,-0.049050152,0.0793329,0.027778395,-0.046233743,-0.034400344,
-0.024521347,-0.019383097,0.02359964,0.021354573,-0.0016902632,-0.0034593493,0.023811102,0.08280469,0.036750607,0.025055844,
0.028655991,0.049857628,-0.029296443,-0.022953412,-0.007202061,0.034395784,-0.046604343,-0.031009963,-0.09731094,-0.0022554547,
/
