#4301
-0.15339044,-0.70968074,-0.60066175,0.035624936,-0.07711372,-0.33140543,-0.024125654,-0.57647634,-0.18174228,-0.029327763,-0.40765974,0.36332628,-0.12277609,-0.41241553,0.36118516,
-0.45913315,-0.9625125,-1.7302616,-0.78813905,-0.43256626,-2.1324615,0.22339937,-0.5851938,-0.34510636,-0.18557687,0.06723612,0.45720813,0.090912454,0.32606804,0.33823168,
-0.31528807,-0.6376763,-0.15285942,0.04281844,-0.40768024,-0.4834935,-0.46664938,-0.041356705,0.15210399,-0.29544672,-0.2778795,-0.3136404,0.0983566,0.46201438,0.4814214,
0.03919461,0.514114,0.6149667,-0.09714343,0.30947936,0.50144553,-0.07501133,0.2950023,0.46546766,0.19211294,0.10312273,-0.17346922,0.4732989,-0.42114106,0.10753021,
0.056531947,-0.05267119,-0.6041415,-0.18214023,-0.28628173,-0.43034703,-0.51114976,0.11625593,-0.2235627,-0.4088799,0.2007777,-0.019016774,-0.24169147,-0.22256216,-0.44854426,
0.9973891,0.671045,0.27214113,0.46061692,0.5669463,-0.13364038,0.5433428,0.09111123,-0.26644203,1.1538556,0.5510859,-0.265096,-0.106688604,-0.3098782,-0.15059008,
-0.5973685,0.1572814,-0.3893539,-0.028976548,-0.35921595,-0.62293917,-0.55816793,-0.23501869,-0.40004,1.4772067,0.15546255,0.38556704,-0.49849275,-0.25902212,-0.34500116,
-0.4400006,-0.61212236,0.2888844,-0.3956105,0.49082068,0.56789726,-0.48593277,-0.504147,-0.49216136,-0.2803235,-0.0065817293,-0.019320957,0.074343845,0.096614115,-0.22351658,
1.2866395,-0.08839165,0.65159345,-0.10878094,0.21604675,0.43995994,1.7632197,0.03996901,0.2997175,-0.021216042,0.19536969,-0.48148084,0.071069315,-0.22870876,0.053172547,
-1.3280811,-0.8395536,-1.4293607,-1.0098945,0.06501065,1.2289382,-0.5218824,-0.009889026,-1.5520018,-5.726964,-0.29339337,-0.36078736,-0.2886865,0.3499979,-0.115414746,
-0.008831409,-0.08962003,-0.038121577,-0.21925749,-0.6964688,-0.858445,-0.17140579,-0.39380154,0.013725167,-0.13971002,0.20299403,0.318005,0.0076495497,-0.29731712,0.1285352,
-0.22438219,0.10018062,0.83490163,0.4933295,0.4502006,-0.39476934,-0.86937547,0.3318259,0.12796529,-0.15169048,-0.07486141,0.34256643,-0.18835303,0.04543969,-0.06262087,
-0.15986826,0.05622247,0.06657628,-0.45867997,0.15713032,-0.7397435,-0.6417917,-0.23861325,-0.4361101,-0.30599108,-0.007676627,0.29702693,0.49054134,0.4454416,-0.006359701,
0.44595346,0.15249313,0.048503604,0.067890264,0.2910462,0.38082448,-0.045882136,0.28270173,0.3970993,0.23569939,-0.37466365,0.24484792,-0.0075075794,0.48211566,-0.43464032,
0.15916558,0.12277305,0.8022466,-0.66147226,0.36824992,0.08296826,0.47947,0.9361253,0.50818753,0.48673266,-0.13776918,0.13897632,0.43190202,-0.2710975,-0.43184674,
0.25116992,0.3665985,0.002035424,0.29517648,0.36101612,0.011972131,0.7966395,-0.07071416,-0.05758742,0.2773847,0.02681783,-0.13915044,-0.14429563,-0.26890203,-0.25512302,
-0.17169207,-0.058656696,0.34546012,0.4038423,0.25990114,0.34656805,0.5590325,0.13950579,0.4126813,1.4764217,-0.325134,0.071321465,0.42259246,0.36208665,0.2901579,
1.1874851,-0.16760434,-0.67046946,0.30238003,-0.23681603,-0.116272464,-0.8101625,-0.5821392,-0.88222194,0.37437463,0.3481073,-0.004933519,0.46703956,-0.16611105,-0.044121392,
-0.31697148,-0.27009204,0.118240505,-0.61317205,-0.3102818,-0.25632453,-0.28589308,-0.19423977,0.002189694,-0.3558373,0.11407181,-0.4539148,0.046833508,0.46366224,-0.12610473,
0.400722,0.5468353,0.5309231,-0.78035325,-0.7904216,-0.9803223,-0.7706322,-0.6324602,0.20828333,-0.6535452,0.038654063,-0.0018416531,-0.119356245,-0.28519097,-0.28114998,
/
-0.28766277,-0.33315805,-0.19147502,0.28587922,-0.31460306,0.40154183,0.17716005,0.023081642,0.3967885,-0.33000925,0.31969687,-0.1458932,0.22163995,0.4108089,-0.3706686,-0.062221706,0.2463478,-0.019154932,-0.30816796,-0.24896254,
0.15312104,-0.40644455,-0.21536897,0.15855925,0.20497496,0.11845926,0.06054707,-0.15501837,0.26761824,-0.18216617,0.47737807,0.09740291,-0.29238468,-0.31552446,0.19030711,-0.0915181,-0.11861687,0.15871416,-0.060768608,0.43355837,
0.19213866,0.17858385,0.49129844,-0.082219,0.27595532,-0.32351986,0.37780356,-0.2228536,-0.19704382,0.4079002,0.07943236,-0.33491582,-0.376079,-0.5078533,0.18430558,0.18779643,-0.31628603,-0.1783271,0.37644464,-0.2935952,
0.3764991,0.2570016,-0.22758168,-0.23486036,-0.15125644,-0.050889764,0.3853679,-0.19982788,-0.29923287,0.16810834,-0.09933522,0.44123027,-0.25614432,-0.13977778,0.28373832,0.36034212,0.15998706,0.28732017,0.27670422,-0.15178536,
0.5055096,-0.4500566,-0.0023882077,0.1935143,-0.32648396,-0.40140668,0.050820954,-0.15696642,0.39625633,0.2957346,-0.49654305,-0.35691366,0.07606245,0.45003396,0.285569,0.0943824,-0.2693295,0.25919366,-0.2428032,-0.2827401,
0.15403895,-0.5298783,-0.52277726,-0.15970741,-0.4855265,0.21558422,0.019720174,0.05364462,-0.093898006,-0.33878052,0.28766596,-0.22797263,0.41432452,0.5260083,0.3159543,-0.3694746,0.1928596,0.37419704,-0.067437924,0.25228536,
-0.11871993,0.37011746,0.069327705,0.2345958,-0.08279968,0.39785767,0.26643318,-0.06648811,-0.36859968,-0.05869642,-0.21542785,0.23709491,-0.20681566,0.5005264,0.32447454,-0.42700282,0.5097481,0.11334068,0.38441172,-0.13287404,
-0.28335118,-0.23643982,0.29316795,-0.4139613,-0.075333245,0.19929126,-0.5127069,-0.46516448,0.21966293,-0.369981,0.006050648,-0.25276437,-0.081234686,0.06822083,-0.22030652,0.29793346,0.29619086,-0.059433628,0.022893015,-0.1924871,
0.53724337,0.3138322,0.36841688,0.12798375,-0.049641453,-0.48224083,0.20156735,0.05842745,0.18509832,-0.22074616,-0.053374738,0.058733005,-0.391143,-0.165591,-0.28989983,-0.31444696,0.2189695,0.1840315,-0.13447282,-0.15356216,
-0.004549874,-0.28258622,-0.0337795,0.35908276,-0.13524938,0.31564283,0.32361433,0.2868829,0.09001976,-0.10891627,-0.2582336,0.053510543,0.2569777,0.38094658,-0.017896947,-0.43142086,0.1359207,0.25845128,0.44073558,-0.45733225,
-0.48398244,0.021592565,-0.11616835,-0.1734427,0.024762236,0.085872665,-0.11920513,0.20980024,0.20766856,0.25167787,-0.17508961,0.2902083,0.24828105,-0.2860101,0.021289542,0.1287648,0.26572508,-0.010598676,0.21909352,-0.1938257,
0.3874035,0.16933525,-0.2374112,-0.34163088,-0.04891648,-0.014746802,-0.1624079,-0.34526318,-0.45847464,0.16012585,-0.06382985,0.3757315,-0.36389872,-0.40937227,-0.010689376,-0.1560646,0.350765,-0.0490175,0.16702071,-0.21089655,
0.23129413,0.19906333,-0.4961218,-0.30290547,0.010377933,-0.044864427,0.10971704,-0.12983754,-0.027494367,0.23201439,0.39823344,0.3293817,-0.117169,-0.15404287,-0.148256,-0.32668492,-0.19428372,-0.09454806,-0.3661385,-0.05136697,
-0.112811476,0.37957594,0.31200585,-0.18674956,0.3654813,-0.15263243,-0.5873607,-0.10852875,-0.3021576,-0.103412256,-0.18875463,0.46891484,-0.32529876,0.43623886,-0.2990168,0.3092442,0.17511736,0.16264454,-0.050025202,-0.33871266,
-0.07719611,-0.37322593,0.16538651,0.24736707,-0.39048958,-0.42699364,-0.17459585,-0.1228881,0.49641526,0.04534534,-0.3551423,-0.16192755,-0.36428338,0.012705952,-0.12530738,0.23184587,-0.26603425,-0.20786099,0.3795594,0.00658113,
-0.06513329,-0.45627347,-0.08998233,-0.047415987,0.012859779,0.45539835,-0.30711493,-0.3168623,-0.07462959,0.112743214,0.22348095,-0.51997507,-0.30433282,0.23712613,0.373347,-0.15290593,-0.20286451,0.40976653,0.032653257,-0.03743379,
0.34636837,0.557665,-0.48743528,0.314749,-0.16455036,-0.21501246,0.32336438,0.2536119,0.45608938,0.57760245,0.40739393,-0.19298062,-0.107949674,-0.18842351,0.08705669,0.016835865,0.09806307,-0.009647794,0.010879851,0.4083106,
0.30606613,-0.010416675,0.06421543,-0.20893945,-0.20581307,-0.2209677,0.29958504,0.12718342,-0.12890057,0.07912233,-0.12856235,0.29475525,0.305743,-0.40831432,0.29954997,-0.3573192,0.23196529,0.024445876,-0.32771483,-0.47363418,
0.11223256,0.44286528,0.4772946,-0.10065771,0.2918993,-0.44215915,0.086038396,-0.16834243,0.2971178,0.20517443,0.20544954,0.25260708,-0.18523629,-0.028710345,-0.4173673,0.15252091,0.06637185,-0.45760235,-0.1651996,-0.15260449,
-0.23659605,0.38789845,0.031453297,-0.44812465,0.4632517,-0.40774235,-0.06754292,0.032909818,-0.34493345,0.53659767,0.25360525,0.28870505,0.45922536,0.099408105,-0.4671859,-0.059951533,-0.13913181,0.20477842,-0.30498928,0.11956627,
/
0.1384884,0.36133057,0.42691085,-0.019400906,-0.14453287,-0.30684385,-0.20105836,-0.34850764,-0.03982031,-0.007987806,0.16479786,0.029796626,-0.1992611,-0.24080038,0.42749825,0.22951417,-0.2876041,0.3126321,-7.577482E-4,-0.32345572,
-0.30618736,-0.032266393,-0.083867416,0.03660781,-0.082068615,0.4978019,0.52072716,0.008777066,-0.16437118,-0.10647589,-0.39728767,0.22608274,0.24098632,-0.39863428,-0.19960698,-0.15148157,-0.40151346,-0.1283706,-0.17778173,0.20900333,
0.32493037,-0.16233392,0.2999958,0.35755965,-0.35942873,0.107416116,0.2200415,-0.3839165,-0.15745908,-0.24506779,-0.11077363,-0.24269885,-0.44798493,0.057926856,-0.047997512,0.3279719,-0.2866332,-0.039358947,0.24004266,0.16898596,
-0.25213408,-0.14542483,0.3380775,-0.010750391,0.0625683,0.2667558,0.3243678,0.19518979,-0.23117945,0.016391939,0.07801403,-0.27230763,0.21861933,0.21045978,-0.08947958,-0.33155605,0.18882374,-0.38786906,0.3008192,-0.14709872,
-0.19556569,-0.31089726,0.091177486,0.12386773,-0.04473437,0.38947725,0.26725456,0.018542642,0.10964262,-0.22126296,0.17631012,-0.247438,0.063495494,0.13553166,0.110775106,0.18124089,0.10819748,-0.12900905,0.2813344,0.07359241,
-0.31766775,0.23550506,-0.27898163,0.08326674,0.41943243,-0.21137586,-0.33066028,-0.3310825,-0.026711926,-0.048725,0.31641132,-0.21413699,0.0023983927,0.00871273,0.390682,-0.18123047,-0.33984268,0.12368554,-0.054208867,0.29046234,
-0.2816956,-0.37016353,0.23504697,0.26669362,-0.2438421,0.1496695,-0.18596497,-0.2548762,-0.31388512,-0.15037861,0.31215826,0.16650179,-0.407411,-0.0035025203,0.3367332,-0.31594548,0.13617672,-0.21852611,-0.442219,-0.12447035,
0.52737445,0.20281039,-0.42899248,-0.317863,-0.3463718,0.32014075,-0.28587636,0.042871967,0.20816126,0.1514696,0.20139919,0.29507452,-0.23032574,0.29596856,-0.21550597,0.06565753,0.31459403,0.45246595,0.24643111,0.19119857,
-0.19892773,0.20728925,-0.21068767,0.34778476,0.052361697,-0.18234766,-0.33200926,0.34560233,0.090430364,0.17739674,0.31521076,-0.3088847,-0.12719266,0.12864205,-0.06339506,-0.19853307,0.024860783,-0.34775236,0.23006745,0.14880052,
0.24886458,-0.10068158,-0.40720826,0.29247501,-0.013462632,0.116486765,0.0752242,0.031030871,-0.4836237,-0.028971566,-0.30388555,-0.050597195,-0.28990072,0.14280644,-0.107435934,-0.1543649,-0.3022624,-0.016665384,-0.3219239,-0.50427204,
/
0.012922173,0.057214003,0.0016405057,0.012990631,-0.0021305054,0.008163023,-0.0036338135,-0.039313767,0.005634288,0.5559308,
-0.0137990005,-0.08930667,-0.05546969,0.009836052,0.022533929,-0.043808337,0.016735516,0.01222265,-0.008201936,0.5670647,
-0.0023366455,0.010971765,-0.021885531,0.012815235,8.240733E-4,-0.016688196,-0.01754302,-0.032305002,-0.0111572305,0.57217145,
0.0039209034,-0.014431984,-0.023854554,0.00745982,9.374337E-4,0.008712281,0.018327529,0.025989126,5.177511E-4,0.56315356,
/
