#969
0.2599919,0.014573511,0.3121282,0.38363028,-0.6130127,-0.20827694,0.07264344,-0.9095709,-0.85182595,-0.9470872,0.05822407,-0.34285375,-0.48444048,0.37765816,0.122701794,
-0.57295036,-0.8404389,-1.6581346,-0.058806673,-0.16822018,-0.88192296,-0.5822839,-0.2858265,0.08493007,-0.36131907,0.18000865,0.018925086,-0.06558293,0.12156455,0.04087728,
0.72630984,0.11080294,0.0031835064,-0.1924488,0.09720836,0.14691702,0.26273602,0.43234938,0.5452461,0.045844294,0.07475536,0.2586387,0.4812807,0.35374543,0.22536469,
-0.5506139,-4.117803,-1.0244693,-0.30840138,-1.1823407,-0.93063885,-0.38973272,0.19245754,0.0014912579,-0.08129937,-0.15266748,-0.03528552,0.39424616,0.025021983,-0.19445474,
0.26187485,0.38218004,0.46489486,0.76901054,1.0983951,0.41832104,-0.31354693,-0.39052474,-0.4694265,-0.20247048,0.09065597,-0.07116406,-0.10739729,-0.11995712,-0.11893529,
0.19730362,0.13714321,0.73426306,0.20594329,0.07594763,0.38984147,-0.2214438,0.34869656,1.6543617,0.40797812,0.4023093,-0.020701915,0.21490334,-0.0030970117,0.40405983,
-0.055448633,-0.1879013,0.73408073,-0.26672083,0.49571812,0.44598967,0.1462624,0.72527695,-0.30129105,-0.050863624,-0.1875452,0.40249574,-0.34117705,-0.31881034,0.24305633,
-1.340313,-0.26847085,-0.25266972,-0.49884605,-0.442935,-0.39455846,-0.19927192,0.110706024,-0.08907096,-0.5765314,-0.3716105,0.079236016,0.18801764,0.23178339,-0.17428896,
-0.20378143,0.8639652,1.8562706,0.30120403,0.024682729,1.4453237,-0.3603603,0.20044383,0.21439923,0.67731625,0.03584917,-0.036286246,-0.06374646,-0.15073021,-0.144226,
-0.3938731,-0.42580602,-0.20041905,-0.4772182,0.24720983,-0.37450176,-0.45907077,0.016074114,0.01034295,-0.3417398,0.05322176,-0.17807192,-0.2609922,0.19283402,-0.44861487,
-0.27060562,0.57693356,-0.12964617,0.11700823,0.33314422,-0.4843844,-0.4112565,-0.4325397,0.55369854,-0.15229094,-0.2566324,0.33891383,0.18677986,0.4269561,-0.09754789,
0.27114066,0.30186802,0.048371177,0.08785684,0.24143568,0.106120825,0.20003216,0.297624,0.023639366,0.4031145,-0.33814868,-0.27789468,0.28610605,-0.07031943,-0.10187869,
0.12539172,0.3623122,0.5455894,-0.0915455,0.02575984,0.18986316,0.2544269,-0.09578376,0.24109316,0.068358846,0.5295379,-0.42970377,0.18087122,-0.3679881,-0.44850814,
0.08673389,-0.15614164,-0.26454428,-0.29221547,-0.2089226,-0.43935147,-0.25645843,-0.49243146,-0.45775205,0.048234403,0.30314228,0.06206447,-0.1979791,0.17501557,-0.3062827,
0.25463185,0.050827175,0.18586995,0.22114885,0.42941073,-0.13003679,0.0104349945,0.45221934,0.15082379,0.11449804,0.48584637,0.22309388,-0.26201504,-0.38787746,-0.48853117,
0.18486048,0.36945423,0.4166914,0.25479063,0.24512058,0.36763883,0.021955157,-0.14503074,0.15273704,0.45323685,0.14288804,0.09834545,0.31943077,-0.057912096,-0.06808064,
-0.7489476,-0.8797162,0.6020843,-0.23894548,-0.1827569,-0.06769598,-0.08573327,0.017672623,-0.46500555,0.07830593,0.20136276,0.43539834,0.11072177,-0.19247904,-0.4391042,
-0.67957646,-0.63039476,-0.30639032,-0.3503529,-0.11138942,-0.6819178,0.3765968,-0.28394878,-1.1792741,-1.0594273,0.24482252,-0.021186914,-0.3955387,-0.4198056,0.30892837,
0.4663546,0.13792442,-0.73197037,-0.70440876,-1.012947,-0.34574175,0.01942367,-0.4373547,1.4478493,-0.2966216,0.22952436,0.3231216,-0.2826814,0.41860813,0.34653175,
-0.69300777,-0.063744776,0.20976979,-0.5751454,0.160275,-0.013934096,-0.42850015,-0.17235735,-0.35060772,-0.44941622,-0.49949557,0.40365732,-0.37679076,0.20098743,0.45201474,
/
-0.14661945,-0.37808388,-0.068468325,-0.55395365,0.06774592,-0.4631204,0.15632583,0.0043617575,0.03465567,0.14825818,0.009263758,0.09433939,-0.30886948,0.07153835,-0.108196475,0.47308028,0.4107741,-0.028983308,-0.037549112,0.07257121,
0.10490176,-0.017733725,-0.05214072,0.25885323,-0.012430576,0.2393793,-0.20435609,-0.2996584,0.40282682,0.17820294,0.053825952,0.5007099,-0.1490923,-0.3601655,-0.31977758,-0.28990743,0.40871206,0.13596492,-0.055413686,-0.091576025,
-0.28928098,0.27304938,-0.08817936,0.34661666,0.17656867,0.12005163,-0.05956605,0.34600976,-0.13270403,-0.32710686,0.039201133,0.059993587,-0.16925551,-0.33255574,0.23478429,0.21996687,0.22733472,-0.1886013,-0.37858412,0.24474405,
0.033070017,-0.115163215,0.013428964,-0.46975654,-0.02584626,-0.017883124,-0.35842347,-0.19931418,0.057415288,-0.28848457,-0.20562446,-0.23641431,0.04890946,-0.33789045,0.34865713,-0.3717416,0.47481078,0.3999027,-0.35783297,0.17739433,
0.19931534,0.4725733,0.122836284,-0.24615154,0.15422836,-0.44664207,-0.38389143,-0.1285961,0.39550897,-0.08666244,0.22745994,0.35227373,0.11412038,-0.12722921,0.34807476,-0.1286928,0.3176525,0.21982756,0.19808903,-0.2187632,
-0.16052382,0.22160222,-0.22817229,0.27770784,-0.1878301,0.07897564,0.15111978,0.24843557,-0.065534435,0.39916286,-0.046828587,0.05471423,0.2856798,-0.5008675,0.09448076,0.12040662,-0.24709813,-0.1074466,-0.058556188,0.07857924,
-0.23266864,0.13662386,-0.031047354,0.30454594,0.019309806,-0.32988882,-0.20253813,0.18095835,-0.15570618,0.02352809,0.07168201,0.3786422,-0.11724468,-0.41849303,0.0031152393,0.1652082,0.18097535,-0.1969084,-0.20610055,-0.1079629,
0.12995791,0.06499942,0.03628903,-0.3522004,-0.082206495,-0.27597034,-0.27864134,-0.08230301,0.34452128,8.108114E-4,0.19590944,0.25821626,-0.29966146,0.40973997,0.33909136,-0.13904032,-0.008027345,-0.33670157,-0.13134396,0.3993513,
-0.12538648,0.16330186,0.29785448,0.15742645,0.30841345,-0.042312052,0.16073936,-0.22400597,-0.07884431,0.04211631,0.24873517,-0.3078953,0.20929566,0.38606745,-0.15627661,0.113434836,0.13019393,-0.060586125,0.39015198,-0.12392786,
-0.21890342,0.28105894,0.2531935,0.07755713,0.28871313,-0.04236257,-0.032775,0.014679734,-0.47467062,0.22494921,-0.049412817,0.42535624,-0.006558823,-0.10445018,0.22997245,-0.28590146,0.1384441,-0.083303094,-0.2051079,-0.09454462,
0.10095912,0.121970944,0.3177981,-0.38246617,0.04209049,0.18984058,0.37011454,0.016637022,0.0660209,-0.22832638,-0.015154055,-0.55458647,0.36417732,-0.10548439,-0.15028182,0.3628001,0.4900438,0.43612686,0.46421352,0.32071105,
-0.19329485,0.34893006,-0.20892853,-0.54096574,-0.16316023,-0.11911398,0.1367915,-0.03371462,0.057488013,0.19626698,0.2297596,-0.04444066,0.39972818,0.082451284,-0.3620875,-0.3587994,-0.3045526,-0.24878253,0.23148215,0.08124696,
-0.26171228,0.31964988,-0.07701907,-0.09232669,0.22813869,0.44425726,0.4268685,-0.117808394,-0.28177583,0.013697668,0.047422916,0.19566211,-0.24351385,0.26053298,-0.075122856,-0.08720263,0.02540652,-0.043045603,-0.101209916,-0.2656057,
-0.12840152,-0.49722865,0.11276444,-0.30293116,-0.08593645,-0.34043112,-0.07709422,0.36443773,-0.3279536,-0.091517724,-0.015436212,0.28337237,0.041420553,0.15693468,0.28268763,-0.23778144,0.077682756,0.26906082,-0.26261202,-0.19214001,
0.2873309,0.024038019,-0.33889362,0.23791395,-0.16200121,0.09536856,-0.41150025,-0.19860347,0.38726208,0.26542702,0.088384785,0.09599068,-0.021870544,-0.462549,-0.21369754,-0.38563606,-0.45150873,-0.16896282,0.16593467,-0.11906158,
-0.47627637,0.36212736,0.09848473,0.49284244,0.022022383,0.4642219,0.1434472,0.045804407,0.0057236915,-0.074836604,-0.0066755945,0.25925204,-0.3131916,0.20045386,-0.3480416,0.3870687,0.2297843,-0.4238153,0.12090676,0.29424465,
0.117691666,0.030954646,-0.17853507,-0.3931221,-0.1434857,-0.1638599,0.28199562,-0.06494922,-0.067595154,-0.012556305,-0.1200725,0.03844036,-0.07428761,0.11717281,-0.32941404,0.47311994,-0.2044388,0.24072886,0.11479017,-0.27605423,
-0.23697029,0.5150498,0.18835454,-0.30541816,-0.41209623,-0.4978103,0.26239178,-0.29696462,-0.46702775,0.16123892,-0.15887757,-0.4061503,0.04584124,-0.1726291,0.020113938,0.3626847,-0.35331026,-0.24191998,-0.30173334,0.017655404,
0.25798416,-0.2827224,-0.3578431,0.3297379,-0.19437848,-0.2292669,0.170516,0.0788481,0.03329063,-0.3118328,0.05432618,0.54605484,-0.32524788,0.19106348,-0.28968596,0.31463838,-0.30536413,-0.18344374,-0.055114698,-0.28095323,
0.07900886,0.24142382,-0.30807987,-0.22580218,0.027714979,-0.16873413,0.18019405,0.39025703,0.2953221,-0.23575458,0.22904569,0.20390919,0.3027009,0.13422734,-0.26232973,-0.098764524,-0.3952414,0.15240756,-0.18134087,-0.22189113,
/
0.19630666,0.20688379,-0.17355895,-0.06628137,-0.28315207,0.31846076,-0.03293186,-0.15485308,-0.11686658,0.26088428,0.014057693,-0.09718775,-0.21821485,0.11486899,0.009471752,-0.09225325,-0.06139637,-0.15323505,-0.14089794,0.1287759,
-0.34826905,-0.016264325,0.12168062,0.18683682,0.19886824,0.2701024,0.27685472,-0.16481277,-0.069255434,-0.1283087,0.3214577,-0.13415544,0.14079057,0.048374046,-0.18232831,0.14720494,0.15634544,-0.14652863,0.121406496,0.070467204,
0.46015304,-0.09435735,-0.07127357,-0.23175807,-0.31788212,-0.14270973,-0.07252169,-0.19006482,0.016063558,-0.16916972,-0.1347535,-0.17276832,-0.22253081,0.104616344,-0.14703198,-0.18408638,-0.18254825,-0.16687167,-0.05305943,-0.06356892,
0.20933896,-0.27156252,0.047520846,0.3684166,0.13960123,-0.5039718,-0.18157803,0.19741955,0.109039105,-0.2326159,-0.13766126,0.33143914,0.3277641,-0.09830158,0.017543035,0.23164426,-0.06497145,0.3445504,0.26216188,-0.25445837,
0.16555068,-0.19246231,0.21526475,0.09756137,-0.08885983,0.36223927,-0.321484,-0.16628732,0.13407359,0.28668436,-0.017678905,-0.036905337,-0.23026438,0.03850674,0.1486305,0.07499066,0.012624103,-0.1073003,0.204573,0.008991249,
0.3282955,0.19213457,0.11250302,0.07518821,0.19380018,0.20367922,-0.12110947,-0.07813278,-0.22881661,0.03360582,0.16691147,0.26987994,-0.15780075,0.29626873,-0.08063867,-0.13076949,-0.14915484,-0.20588897,-0.10111266,-0.0337473,
-0.06270609,0.3834982,0.04050221,0.24633381,0.010820673,0.088496,9.4624865E-4,0.10566437,0.3322618,0.18610701,0.2571214,-0.060254857,-0.14468914,0.1475202,0.011635819,0.1613114,0.10579193,0.1279632,0.29380175,-0.13904533,
-0.3814569,0.19870257,-0.17809184,0.08995685,0.1270753,0.14227092,0.16494979,0.15859869,-0.35911012,0.09430392,0.15667258,0.2697375,0.25065786,-0.13171203,-0.2675274,-0.060468275,-0.13306208,0.3113231,-0.08816656,0.08647425,
0.023386324,-0.19870439,0.33180764,-0.3228666,0.051402595,-0.42524615,-0.25908816,0.09075384,-0.091520146,-0.12320301,-0.11169991,-0.1837488,-0.10917529,0.31604904,0.071159355,0.31137437,0.28847268,0.15722686,-0.053987145,-0.17366865,
0.31321076,0.1569143,0.057429757,0.27851415,-0.21945289,-0.29454598,0.073586605,0.14881031,0.25889558,-0.2657601,-0.04693738,0.3323082,0.23511004,-0.048658125,-0.018833328,-0.23025729,0.059409976,0.32739958,0.07933061,-0.12840106,
/
0.483547,0.3093355,0.34228197,0.062271778,0.40506962,-0.39309055,-0.050536416,0.65869784,0.37278736,0.4124974,
-0.4830259,-0.34005973,-0.35623103,-0.058062114,-0.4042753,0.36540484,0.075752445,-0.6329601,-0.36359924,-0.39057997,
0.0017633762,0.0018332257,0.0011573785,4.2907908E-4,0.0012797569,-2.510012E-4,-0.0010449379,0.0026438832,0.0013773728,0.0011152544,
7.959036E-4,-0.0014483678,0.0011684794,-7.0426596E-4,3.848432E-4,-5.686737E-4,5.667119E-4,3.0154316E-4,-2.5398098E-5,6.07037E-4,
/
